# time N22 N23
0.0,0.00234211436626907,0.003488748806373769
1e-13,0.00234211436626907,0.003488748806373769
2e-13,0.00234211436626907,0.003488748806373769
3e-13,0.00234211436626907,0.003488748806373769
4e-13,0.00234211436626907,0.003488748806373769
5e-13,0.00234211436626907,0.003488748806373769
6e-13,0.00234211436626907,0.003488748806373769
7e-13,0.00234211436626907,0.003488748806373769
8e-13,0.00234211436626907,0.003488748806373769
9e-13,0.00234211436626907,0.003488748806373769
1e-12,0.00234211436626907,0.003488748806373769
1.1e-12,0.0024170325152973004,0.003468683016868985
1.2e-12,0.0024704077830231676,0.003441909080046529
1.3e-12,0.0025074326286291314,0.00341042868864923
1.4e-12,0.002531599933758087,0.003375481845852441
1.5e-12,0.0025453155766480195,0.0033377435459828603
1.6e-12,0.0025504768444865483,0.0032978352141306896
1.7e-12,0.0025485469811538167,0.003256214368338641
1.8e-12,0.0025406939489006036,0.0032132349550277797
1.9e-12,0.0025278757130542595,0.0031691827160228473
2e-12,0.002510894135619603,0.00312429620303281
2.1e-12,0.0024904302452175278,0.003078779515977985
2.2e-12,0.002467068287006368,0.0030328102469206176
2.3e-12,0.0024413128659516105,0.0029865446258528737
2.4e-12,0.0024136017152559743,0.002940121014375985
2.5e-12,0.0023843155929592695,0.0028936624067617727
2.6e-12,0.002353786213706924,0.0028472783194321213
2.7e-12,0.002322302775555887,0.002801066290444664
2.8e-12,0.002290117437821363,0.002755113119167194
2.9e-12,0.0022565287139131207,0.0027088645138924473
3e-12,0.0022217322915385872,0.002662364368199184
3.1e-12,0.00218604499849884,0.0026157499033836575
3.2e-12,0.0021497338838054976,0.002569136939601405
3.3e-12,0.002113027375005037,0.0025226252547994195
3.4e-12,0.002076122762004917,0.002476301942760984
3.5e-12,0.0020391914622028572,0.002430243612566202
3.6e-12,0.002002382907560064,0.002384517908027178
3.7e-12,0.0019658275452049093,0.002339184620228341
3.8e-12,0.0019658275452049093,0.002294296549590746
3.9e-12,0.0019287193185823508,0.0022499001848038866
4e-12,0.0019287193185823508,0.00220603639140221
4.1e-12,0.0018915628464837879,0.002162740765867598
4.2e-12,0.0018915628464837879,0.002162740765867598
4.3e-12,0.0018538890636431733,0.002118313717974614
4.4e-12,0.0018538890636431733,0.002118313717974614
4.5e-12,0.0018538890636431733,0.0020713576436303836
4.6e-12,0.0018538890636431733,0.0020713576436303836
4.7e-12,0.0018538890636431733,0.002022565116395985
4.8e-12,0.0018538890636431733,0.002022565116395985
4.9e-12,0.0018098307307526287,0.001972458239384762
5e-12,0.0018098307307526287,0.001972458239384762
5.1e-12,0.001765471352073619,0.0019213749938140692
5.2e-12,0.001722065088075185,0.0018709822369490845
5.3e-12,0.001679584982312353,0.0018212590362933036
5.4e-12,0.0016380393829330563,0.001772207856843804
5.5e-12,0.0015974535913038828,0.0017238422102624433
5.6e-12,0.0015578597799636952,0.001676179880673874
5.7e-12,0.001518194939602113,0.0016283936579048425
5.8e-12,0.001475965912944523,0.0015785315438269845
5.9e-12,0.0014318344318542905,0.0015270565435922157
6e-12,0.0013863397699116445,0.0014743338015323162
6.1e-12,0.0013399372073826417,0.0014206607259302886
6.2e-12,0.0012930208201034801,0.001366285412604468
6.3e-12,0.001245937289252885,0.0013114182896256361
6.4e-12,0.0011989945467932284,0.001256239792317425
6.5e-12,0.0011524674269469016,0.0012009056654256407
6.6e-12,0.0011066015623634744,0.001145550806016703
6.7e-12,0.0010616162352947928,0.0010902921754827992
6.8e-12,0.001017706593981073,0.0010352310915777492
6.9e-12,0.0009750454734540564,0.0009804550881374868
7e-12,0.0009337849620452562,0.0009260394596753468
7.1e-12,0.0008940577983825508,0.0008720485671707893
7.2e-12,0.0008510384838836799,0.0008142097221176966
7.3e-12,0.0008058900407029537,0.0007534395828702406
7.4e-12,0.0007595560986936487,0.0006904244126981839
7.5e-12,0.0007128242431184342,0.0006256930616650206
7.6e-12,0.000666363704702202,0.00055966321814285
7.7e-12,0.0006206581433383808,0.000492357336411733
7.8e-12,0.0005759005978798612,0.0004230060651241024
7.9e-12,0.0005325536718161242,0.00035197574629257475
8e-12,0.0004910089832877217,0.00027957021607441935
8.1e-12,0.00045159490101019683,0.00020604623670889084
8.2e-12,0.0004145824341056026,0.00013162344446501458
8.3e-12,0.00038019009803054975,5.6490999317704456e-05
8.4e-12,0.0003485882228110024,-1.9187749181575722e-05
8.5e-12,0.0003199655033146539,-9.52497743348806e-05
8.6e-12,0.00029041252067308596,-0.0001754909761231864
8.7e-12,0.0002592162489302233,-0.0002606586793468794
8.8e-12,0.00022754044084946938,-0.0003497735782525386
8.9e-12,0.00019630246692620853,-0.00044205803038728075
9e-12,0.00016623059998854345,-0.000536879610246107
9.1e-12,0.00013790061464506885,-0.000633714660914426
9.2e-12,0.0001117606440997023,-0.000732123959799171
9.3e-12,8.814937629097116e-05,-0.0008317358413929652
9.4e-12,6.505615496234026e-05,-0.0009324306597488685
9.5e-12,3.9038278039042115e-05,-0.0010341906803393681
9.6e-12,1.08376189881959e-05,-0.0011367217565645832
9.7e-12,-1.8950133245475553e-05,-0.0012397690158010533
9.8e-12,-4.982824149245964e-05,-0.0013431097748267662
9.9e-12,-8.137115345401179e-05,-0.0014465485750994873
1e-11,-0.00011752857262129317,-0.0015536192531188432
1.01e-11,-0.0001628105007879602,-0.0016682418472056672
1.02e-11,-0.00021518827740508507,-0.0017885840314877666
1.03e-11,-0.00027298283438374326,-0.0019136891132886572
1.04e-11,-0.00033476640234046564,-0.002043401614526966
1.05e-11,-0.0003993042576039646,-0.0021767785416986814
1.06e-11,-0.0004655200289129573,-0.002313048563118809
1.07e-11,-0.0005324746227012792,-0.00245156484442366
1.08e-11,-0.000599352912089088,-0.0025917740194581268
1.09e-11,-0.0006654547009507793,-0.0027331954405680047
1.1e-11,-0.0007301878986724968,-0.002875407043865086
1.11e-11,-0.0007916706572436763,-0.0030172818395172115
1.12e-11,-0.0008487272861712891,-0.0031579486840116757
1.13e-11,-0.0009010852630304453,-0.003296964824206448
1.14e-11,-0.000949355756993468,-0.0034343022900852763
1.15e-11,-0.0009980604662031582,-0.003571651872164059
1.16e-11,-0.0010462601219858576,-0.0037081836364555435
1.17e-11,-0.001093285631787899,-0.003843277872298565
1.18e-11,-0.0011384875863202934,-0.003976451377198546
1.19e-11,-0.0011815146666460062,-0.004109005232191793
1.2e-11,-0.0012221376397076333,-0.004241965225216219
1.21e-11,-0.0012602238085146044,-0.00437456121722649
1.22e-11,-0.0012957184114255058,-0.00450618733998676
1.23e-11,-0.0013286262304575461,-0.0046365819545094115
1.24e-11,-0.0013589878010107413,-0.00476518888381976
1.25e-11,-0.0013868879194413246,-0.004891536826962646
1.26e-11,-0.0014022213055777753,-0.005005171682593854
1.27e-11,-0.0014052108866741677,-0.0051048492626318085
1.28e-11,-0.0013964690694650206,-0.0051904827704475805
1.29e-11,-0.0013831710868576438,-0.005265935892237644
1.3e-11,-0.0013656868602474922,-0.0053307212449369475
1.31e-11,-0.0013433337753553727,-0.005383859250744649
1.32e-11,-0.0013156376552733288,-0.005424640852717333
1.33e-11,-0.0012822555956815735,-0.00545290830604996
1.34e-11,-0.0012429279635563777,-0.005471847120089738
1.35e-11,-0.0011974476590775583,-0.0054803958204476646
1.36e-11,-0.0011456426102700618,-0.005477683991560145
1.37e-11,-0.0010873625273109687,-0.005462974614965105
1.38e-11,-0.0010031495029879252,-0.005416138060994906
1.39e-11,-0.0008928513983585941,-0.00533584671796295
1.4e-11,-0.000757374736818368,-0.005222077166222824
1.41e-11,-0.0005973813673565268,-0.005074768475743996
1.42e-11,-0.0004133744888627517,-0.0048938350739154545
1.43e-11,-0.0002108854079914658,-0.004681941799033263
1.44e-11,7.065977847588655e-06,-0.004440216987939963
1.45e-11,0.0002419916847838888,-0.0041645544977420195
1.46e-11,0.0004957256377719221,-0.0038545562836640027
1.47e-11,0.0007693747994870853,-0.003514253075526047
1.48e-11,0.0010741020864643803,-0.0031318726762335843
1.49e-11,0.0014336766196576425,-0.002683227035514737
1.5e-11,0.001846325756984287,-0.002168177811086799
1.51e-11,0.00231072799128714,-0.001588235309901779
1.52e-11,0.002825892317124342,-0.0009443741032650086
1.53e-11,0.0033910869298904044,-0.00023576419137793928
1.54e-11,0.0040056775163300916,0.0005382619789245845
1.55e-11,0.004669096696810942,0.001378279322524671
1.56e-11,0.005380823658722007,0.002292281705610071
1.57e-11,0.00614209562771991,0.0032860813020058675
1.58e-11,0.006973353938705422,0.004365377068699567
1.59e-11,0.007890464095393759,0.005544447626664997
1.6e-11,0.008894298517842625,0.006826601463251637
1.61e-11,0.009985374699131362,0.008214280327103796
1.62e-11,0.011163981970438714,0.009709370536617724
1.63e-11,0.012437954212382684,0.011313343915071366
1.64e-11,0.013807837916564916,0.013034327427435065
1.65e-11,0.01527390468830874,0.014880995882738607
1.66e-11,0.01685919434986452,0.016869981234515056
1.67e-11,0.018579610758438322,0.019008603353577642
1.68e-11,0.020483712839918056,0.021337217106342368
1.69e-11,0.022566773019190703,0.023844464353347954
1.7e-11,0.024815039962766433,0.026526803257533697
1.71e-11,0.027225759625429422,0.029379407729690426
1.72e-11,0.029789005391144825,0.03239218996133677
1.73e-11,0.03253611954899457,0.03555895159866512
1.74e-11,0.03547639196492236,0.03890067262543937
1.75e-11,0.03860675410486585,0.04242187312117286
1.76e-11,0.041923691154965845,0.04611456592526716
1.77e-11,0.04541949785746717,0.04995996003324741
1.78e-11,0.04908730176569356,0.053938604250250426
1.79e-11,0.05293465104366021,0.05804023023457565
1.8e-11,0.05696553729455893,0.062253378600001505
1.81e-11,0.06117480644285204,0.06658563190864511
1.82e-11,0.06557583909188335,0.07105166954592182
1.83e-11,0.07021367517085765,0.07565682608339495
1.84e-11,0.07507765763196603,0.08040495283080065
1.85e-11,0.08022273293276595,0.0852843974241782
1.86e-11,0.08564352930345129,0.09028221903164055
1.87e-11,0.09133215601968003,0.0953899915362528
1.88e-11,0.09728588776303582,0.10059996134782391
1.89e-11,0.10349868048442831,0.10590405583285627
1.9e-11,0.10995592311924182,0.11129518686539794
1.91e-11,0.11664270003247154,0.11675648391873668
1.92e-11,0.12349922892054593,0.12225276370989924
1.93e-11,0.13050766167585873,0.1277726466098738
1.94e-11,0.13765273804656003,0.13330968583626165
1.95e-11,0.14492123038394983,0.1388577171132336
1.96e-11,0.15229557166694518,0.14440042902806874
1.97e-11,0.15975612678997322,0.14993751454168194
1.98e-11,0.1672850221893379,0.155444073035766
1.99e-11,0.1749589097199693,0.16090557245083378
2e-11,0.182791022160035,0.16631462741831954
2.01e-11,0.1908098746326728,0.17169636753310863
2.02e-11,0.19898744383925615,0.1770347635485327
2.03e-11,0.20729482018093326,0.1823136427884654
2.04e-11,0.215706212181141,0.18751662297192373
2.05e-11,0.2241410650843063,0.19262898497538833
2.06e-11,0.23256423762652653,0.1976396930624122
2.07e-11,0.24095639196929125,0.2025349149539501
2.08e-11,0.24929835249496943,0.20731783550206434
2.09e-11,0.2575750391756937,0.21198069180125023
2.1e-11,0.2657714608788788,0.21650504121155645
2.11e-11,0.27382388828927307,0.22080916839689713
2.12e-11,0.2819311385718157,0.22498606003533717
2.13e-11,0.29009564601237403,0.229025661881783
2.14e-11,0.29829187257327794,0.23291673677687472
2.15e-11,0.3064935241735548,0.2366501065369489
2.16e-11,0.3146790009014727,0.2402184311951591
2.17e-11,0.3227806717282949,0.24361580091630197
2.18e-11,0.33074828623861724,0.24683832496242547
2.19e-11,0.33857200358096046,0.24988263170165714
2.2e-11,0.3462431918276001,0.2527445091535839
2.21e-11,0.35375520196533483,0.25542106204062887
2.22e-11,0.3611222175130384,0.25793752269481945
2.23e-11,0.36835579714053773,0.2602690501111947
2.24e-11,0.3754855212523596,0.2623992040332578
2.25e-11,0.3825030778075255,0.26433464687659014
2.26e-11,0.3894030025664677,0.2660754883265375
2.27e-11,0.3961816526070895,0.2676229541558309
2.28e-11,0.4028356529789184,0.26897665288719036
2.29e-11,0.4093626470430895,0.27013697706628487
2.3e-11,0.41575846929242344,0.271102958134058
2.31e-11,0.42203379224976223,0.27188620304812494
2.32e-11,0.42821398038535186,0.27249921780822667
2.33e-11,0.43429692419550225,0.27294861629193107
2.34e-11,0.4402805680722796,0.2732401903744842
2.35e-11,0.44616335563797954,0.27337968893677117
2.36e-11,0.4519441768386735,0.2733725732878621
2.37e-11,0.45762232044843,0.27322384278676154
2.38e-11,0.46319771675021787,0.272938691297203
2.39e-11,0.4686642743128433,0.2725273387384046
2.4e-11,0.47403074493606673,0.2719661384116843
2.41e-11,0.47929591597714527,0.27126255391122017
2.42e-11,0.4844605955197542,0.27042543573606703
2.43e-11,0.4895243050844872,0.26946258048695154
2.44e-11,0.49448712658881044,0.2683806662019206
2.45e-11,0.4993495097799672,0.2671853015097117
2.46e-11,0.5041121504691941,0.26588114166245963
2.47e-11,0.5087759219141791,0.26447203903245003
2.48e-11,0.5133395868480983,0.2629303944491349
2.49e-11,0.5178007936441812,0.26125530156354526
2.5e-11,0.5221582694142759,0.2594584378422842
2.51e-11,0.5264139945672033,0.25754792133839516
2.52e-11,0.5305698165965841,0.2555274839901065
2.53e-11,0.5346274097790252,0.25340284047822775
2.54e-11,0.5385871384170164,0.25117608632736854
2.55e-11,0.5424509716228464,0.24885250626357477
2.56e-11,0.5462208731001176,0.2464365374433142
2.57e-11,0.5498997831338763,0.24391841700509032
2.58e-11,0.5534908409681449,0.2412848645246023
2.59e-11,0.5569956490580829,0.23854573451462208
2.6e-11,0.560415876793967,0.23570883871199005
2.61e-11,0.5637523402117444,0.2327804394811266
2.62e-11,0.5670007896524939,0.22976586010493355
2.63e-11,0.5701633753517258,0.22666996771304931
2.64e-11,0.5732421903999361,0.22349708109305239
2.65e-11,0.5762392922767565,0.22025108400649782
2.66e-11,0.5791567084246261,0.21693557888340956
2.67e-11,0.5819964323044478,0.2135539592308093
2.68e-11,0.5847604210332582,0.2101094592637157
2.69e-11,0.5874499439986081,0.20659832897200217
2.7e-11,0.5900661765092919,0.20304137032627906
2.71e-11,0.5926112067561229,0.19944711207251287
2.72e-11,0.5950869852270076,0.1958217133298485
2.73e-11,0.5974953758864622,0.19217036712297964
2.74e-11,0.599838172891779,0.18849762418642813
2.75e-11,0.6021171911974175,0.18480780806351305
2.76e-11,0.6043341901187725,0.18110485830767262
2.77e-11,0.6064908771067967,0.1773924170948446
2.78e-11,0.6085878731028711,0.17367388375756052
2.79e-11,0.6106269049563003,0.16995245060275793
2.8e-11,0.6126053081486315,0.16623112717355853
2.81e-11,0.6145154724910076,0.16251275720872296
2.82e-11,0.6163597942456409,0.15880003106480242
2.83e-11,0.6181405808546103,0.1550999142998557
2.84e-11,0.6198600548660796,0.15142305422614213
2.85e-11,0.621520357353402,0.14776758751374242
2.86e-11,0.6231235500244416,0.14413334600814118
2.87e-11,0.6246712582032395,0.1405194248288274
2.88e-11,0.6261650726192424,0.13692652426318622
2.89e-11,0.6276069192388899,0.13335776995966908
2.9e-11,0.6289986474138188,0.12981592540518072
2.91e-11,0.6303420367490032,0.1263034595022517
2.92e-11,0.631638800047311,0.1228225858404821
2.93e-11,0.632890586110523,0.11937529106651111
2.94e-11,0.6340989824051945,0.11596335656290989
2.95e-11,0.6352655176007292,0.11258837596667873
2.96e-11,0.6363912672106272,0.10925091650816364
2.97e-11,0.6374775949896078,0.10596426479845451
2.98e-11,0.6385259226434671,0.10276805892571807
2.99e-11,0.6395376250593409,0.0996535355372861
3e-11,0.6405140144156392,0.09661526017879019
3.01e-11,0.6414563545703892,0.09364984807132248
3.02e-11,0.6423658628196767,0.09075499463714064
3.03e-11,0.6432437116181703,0.08792891228552269
3.04e-11,0.6440910302683038,0.08517010289755368
3.05e-11,0.6449088720637682,0.0824771250006303
3.06e-11,0.6456982900000237,0.07984874616408948
3.07e-11,0.646460298087744,0.07728376839726438
3.08e-11,0.6471958728597679,0.07478100693370482
3.09e-11,0.6479059548176138,0.07233927950770928
3.1e-11,0.6485914498196753,0.06995740164572886
3.11e-11,0.6492532304133826,0.06763418535136322
3.12e-11,0.6498921371136122,0.06536843965373706
3.13e-11,0.650508979629578,0.06315897212945083
3.14e-11,0.6511045380423689,0.06100459088368073
3.15e-11,0.651679563935217,0.05890410669574768
3.16e-11,0.6522347814784945,0.056878651317091175
3.17e-11,0.6527708876144325,0.05493984499950098
3.18e-11,0.653288554330343,0.053075856839511604
3.19e-11,0.6537884300614257,0.05127926432036234
3.2e-11,0.6542711398375074,0.04954515291409194
3.21e-11,0.654737286055717,0.047870039374283566
3.22e-11,0.6551874492859426,0.04625126239738048
3.23e-11,0.6556221890754826,0.044686638437724545
3.24e-11,0.656042044736707,0.04317426766534848
3.25e-11,0.6564475361103052,0.04171242476461621
3.26e-11,0.6568391643010995,0.040299497567321305
3.27e-11,0.6572174123856072,0.038933952591459986
3.28e-11,0.6575827460916087,0.03761431567425587
3.29e-11,0.6579356144504954,0.0363391610477661
3.3e-11,0.6582764504233892,0.035107256542918006
3.31e-11,0.6586056715021097,0.03391728516002738
3.32e-11,0.6589236802862263,0.03276794213255403
3.33e-11,0.6592308650364525,0.031657945350519634
3.34e-11,0.6595276002067294,0.030586040865273136
3.35e-11,0.6598142469551642,0.02955100565448816
3.36e-11,0.660091153634802,0.02855164886202189
3.37e-11,0.6603588605268582,0.02758681218847652
3.38e-11,0.6606180809333958,0.026655369757961764
3.39e-11,0.6608690895876032,0.02575622778595909
3.4e-11,0.6611121520665838,0.024888324236577518
3.41e-11,0.6613475250637573,0.024050628121823937
3.42e-11,0.6615754567013648,0.023242138880822827
3.43e-11,0.6617961868310893,0.02246188573297718
3.44e-11,0.662009947323309,0.02170892701757358
3.45e-11,0.6622169623454687,0.020982349527231554
3.46e-11,0.6624174486300338,0.020281267839738687
3.47e-11,0.6626116157324633,0.019604823651196472
3.48e-11,0.6627996662796165,0.018952185112472063
3.49e-11,0.6629817962089881,0.018322546170402493
3.5e-11,0.663158198878129,0.017715169553749025
3.51e-11,0.6633290762347082,0.0171294985913669
3.52e-11,0.6634946033492168,0.016566259721144398
3.53e-11,0.6636549492606898,0.016024134824889194
3.54e-11,0.663810277811792,0.015501928066760168
3.55e-11,0.6639607475848633,0.014998684167619031
3.56e-11,0.66410651204615,0.014513593169168596
3.57e-11,0.6642477197156963,0.014045936312949179
3.58e-11,0.664384514331631,0.01359505515215828
3.59e-11,0.6645170350088878,0.013160333816847909
3.6e-11,0.6646454163924782,0.012741188727834196
3.61e-11,0.6647697888054762,0.012337062530813861
3.62e-11,0.6648902783918892,0.011947420423594212
3.63e-11,0.6650070072545947,0.011571747842471745
3.64e-11,0.6651200935885222,0.011209548922665487
3.65e-11,0.6652296518092539,0.010860345401749839
3.66e-11,0.6653357926772132,0.010523675778800257
3.67e-11,0.6654386234176022,0.010199094623322595
3.68e-11,0.6655382478362436,0.009886171974068315
3.69e-11,0.6656347664314775,0.009583961359268754
3.7e-11,0.6657282764261347,0.009291332225505886
3.71e-11,0.665818871912759,0.009008284472877775
3.72e-11,0.6659066441338549,0.008734675250897269
3.73e-11,0.6659066441338549,0.008470285323503825
3.74e-11,0.6659066441338549,0.008215151210469316
3.75e-11,0.6659066441338549,0.007968957097000677
3.76e-11,0.6659066441338549,0.007731393005387002
3.77e-11,0.6659066441338549,0.007502156998040107
3.78e-11,0.6659066441338549,0.007280956253038477
3.79e-11,0.6659066441338549,0.007067507505465515
3.8e-11,0.6659066441338549,0.0068615371347689
3.81e-11,0.6659066441338549,0.006662781057244135
3.82e-11,0.6659066441338549,0.006470984513877148
3.83e-11,0.6659066441338549,0.006285901804620483
3.84e-11,0.6659066441338549,0.006107295997910533
3.85e-11,0.6659066441338549,0.0059349386315745755
3.86e-11,0.6659066441338549,0.005768609414083548
3.87e-11,0.6659066441338549,0.005608095931023462
3.88e-11,0.6659066441338549,0.005453193359344652
3.89e-11,0.6659066441338549,0.005303704190641102
3.9e-11,0.6659066441338549,0.0051594379639776445
3.91e-11,0.6659066441338549,0.0050202110083740255
3.92e-11,0.6659066441338549,0.0048858461948308035
3.93e-11,0.6659066441338549,0.004756172697662958
3.94e-11,0.6659066441338549,0.004631025764847134
3.95e-11,0.6659066441338549,0.004510246497061941
3.96e-11,0.6659066441338549,0.004393681635092664
3.97e-11,0.6659066441338549,0.00428118335527399
3.98e-11,0.6659066441338549,0.004172609072651955
3.99e-11,0.6659066441338549,0.00406782125155675
4e-11,0.6659066441338549,0.003966687223289676
4.01e-11,0.6659066441338549,0.0038690790106395805
4.02e-11,0.6659066441338549,0.0038690790106395805
4.03e-11,0.6659066441338549,0.0038690790106395805
4.04e-11,0.6659066441338549,0.0038690790106395805
4.05e-11,0.6659066441338549,0.0038690790106395805
4.06e-11,0.6659066441338549,0.0038690790106395805
4.07e-11,0.6659066441338549,0.0038690790106395805
4.08e-11,0.6659066441338549,0.0038690790106395805
4.09e-11,0.6659066441338549,0.0038690790106395805
4.1e-11,0.6659066441338549,0.0038690790106395805
4.11e-11,0.6659066441338549,0.0038690790106395805
4.12e-11,0.6659066441338549,0.0038690790106395805
4.13e-11,0.6659066441338549,0.0038690790106395805
4.14e-11,0.6659066441338549,0.0038690790106395805
4.15e-11,0.6659066441338549,0.0038690790106395805
4.16e-11,0.6659066441338549,0.0038690790106395805
4.17e-11,0.6659066441338549,0.0038690790106395805
4.18e-11,0.6659066441338549,0.0038690790106395805
4.19e-11,0.6659066441338549,0.0038690790106395805
4.2e-11,0.6659066441338549,0.0038690790106395805
4.21e-11,0.6659066441338549,0.0038690790106395805
4.22e-11,0.6659066441338549,0.0038690790106395805
4.23e-11,0.6659066441338549,0.0038690790106395805
4.24e-11,0.6659066441338549,0.0038690790106395805
4.25e-11,0.6659066441338549,0.0038690790106395805
4.26e-11,0.6659066441338549,0.0038690790106395805
4.27e-11,0.6659066441338549,0.0038690790106395805
4.28e-11,0.6659066441338549,0.0038690790106395805
4.29e-11,0.6659066441338549,0.0038690790106395805
4.3e-11,0.6659066441338549,0.0038690790106395805
4.31e-11,0.6659066441338549,0.0038690790106395805
4.32e-11,0.6659066441338549,0.0038690790106395805
4.33e-11,0.6659066441338549,0.0038690790106395805
4.34e-11,0.6659066441338549,0.0038690790106395805
4.35e-11,0.6659066441338549,0.0038690790106395805
4.36e-11,0.6659066441338549,0.0038690790106395805
4.37e-11,0.6659066441338549,0.0038690790106395805
4.38e-11,0.6659066441338549,0.0038690790106395805
4.39e-11,0.6659066441338549,0.0038690790106395805
4.4e-11,0.6659066441338549,0.0038690790106395805
4.41e-11,0.6659066441338549,0.0038690790106395805
4.42e-11,0.6659066441338549,0.0038690790106395805
4.43e-11,0.6659066441338549,0.0038690790106395805
4.44e-11,0.6659066441338549,0.0038690790106395805
4.45e-11,0.6659066441338549,0.0038690790106395805
4.46e-11,0.6659066441338549,0.0038690790106395805
4.47e-11,0.6659066441338549,0.0038690790106395805
4.48e-11,0.6659066441338549,0.0038690790106395805
4.49e-11,0.6659066441338549,0.0038690790106395805
4.5e-11,0.6659066441338549,0.0038690790106395805
4.51e-11,0.6659066441338549,0.0038690790106395805
4.52e-11,0.6659066441338549,0.0038690790106395805
4.53e-11,0.6659066441338549,0.0038690790106395805
4.54e-11,0.6659066441338549,0.0038690790106395805
4.55e-11,0.6659066441338549,0.0038690790106395805
4.56e-11,0.6659066441338549,0.0038690790106395805
4.57e-11,0.6659066441338549,0.0038690790106395805
4.58e-11,0.6659066441338549,0.0038690790106395805
4.59e-11,0.6659066441338549,0.0038690790106395805
4.6e-11,0.6659066441338549,0.0038690790106395805
4.61e-11,0.6659066441338549,0.0038690790106395805
4.62e-11,0.6659066441338549,0.0038690790106395805
4.63e-11,0.6659066441338549,0.0038690790106395805
4.64e-11,0.6659066441338549,0.0038690790106395805
4.65e-11,0.6659066441338549,0.0038690790106395805
4.66e-11,0.6659066441338549,0.0038690790106395805
4.67e-11,0.6659066441338549,0.0038690790106395805
4.68e-11,0.6659066441338549,0.0038690790106395805
4.69e-11,0.6659066441338549,0.0038690790106395805
4.7e-11,0.6659066441338549,0.0038690790106395805
4.71e-11,0.6659066441338549,0.0038690790106395805
4.72e-11,0.6659066441338549,0.0038690790106395805
4.73e-11,0.6659066441338549,0.0038690790106395805
4.74e-11,0.6659066441338549,0.0038690790106395805
4.75e-11,0.6659066441338549,0.0038690790106395805
4.76e-11,0.6659066441338549,0.0038690790106395805
4.77e-11,0.6659066441338549,0.0038690790106395805
4.78e-11,0.6659066441338549,0.0038690790106395805
4.79e-11,0.6659066441338549,0.0038690790106395805
4.8e-11,0.6659066441338549,0.0038690790106395805
4.81e-11,0.6659066441338549,0.0038690790106395805
4.82e-11,0.6659066441338549,0.0038690790106395805
4.83e-11,0.6659066441338549,0.0038690790106395805
4.84e-11,0.6659066441338549,0.0038690790106395805
4.85e-11,0.6659066441338549,0.0038690790106395805
4.86e-11,0.6659066441338549,0.0038690790106395805
4.87e-11,0.6659066441338549,0.0038690790106395805
4.88e-11,0.6659066441338549,0.0038690790106395805
4.89e-11,0.6659066441338549,0.0038690790106395805
4.9e-11,0.6659066441338549,0.0038690790106395805
4.91e-11,0.6659066441338549,0.0038690790106395805
4.92e-11,0.6659066441338549,0.0038690790106395805
4.93e-11,0.6659066441338549,0.0038690790106395805
4.94e-11,0.6659066441338549,0.0038690790106395805
4.95e-11,0.6659066441338549,0.0038690790106395805
4.96e-11,0.6659066441338549,0.0038690790106395805
4.97e-11,0.6659066441338549,0.0038690790106395805
4.98e-11,0.6659066441338549,0.0038690790106395805
4.99e-11,0.6659066441338549,0.0038690790106395805
5e-11,0.6659066441338549,0.0038690790106395805
5.01e-11,0.6659066441338549,0.0038690790106395805
5.02e-11,0.6659066441338549,0.0038690790106395805
5.03e-11,0.6659066441338549,0.0038690790106395805
5.04e-11,0.6659066441338549,0.0038690790106395805
5.05e-11,0.6659066441338549,0.0038690790106395805
5.06e-11,0.6659066441338549,0.0038690790106395805
5.07e-11,0.6659066441338549,0.0038690790106395805
5.08e-11,0.6659066441338549,0.0038690790106395805
5.09e-11,0.6659066441338549,0.0038690790106395805
5.1e-11,0.6659066441338549,0.0038690790106395805
5.11e-11,0.6659066441338549,0.0038690790106395805
5.12e-11,0.6659066441338549,0.0038690790106395805
5.13e-11,0.6659066441338549,0.0038690790106395805
5.14e-11,0.6659066441338549,0.0038690790106395805
5.15e-11,0.6659066441338549,0.0038690790106395805
5.16e-11,0.6659066441338549,0.0038690790106395805
5.17e-11,0.6659066441338549,0.0038690790106395805
5.18e-11,0.6659066441338549,0.0038690790106395805
5.19e-11,0.6659066441338549,0.0038690790106395805
5.2e-11,0.6659066441338549,0.0038690790106395805
5.21e-11,0.6659066441338549,0.0038690790106395805
5.22e-11,0.6659066441338549,0.0038690790106395805
5.23e-11,0.6659066441338549,0.0038690790106395805
5.24e-11,0.6659066441338549,0.0038690790106395805
5.25e-11,0.6659066441338549,0.0038690790106395805
5.26e-11,0.6659066441338549,0.0038690790106395805
5.27e-11,0.6659066441338549,0.0038690790106395805
5.28e-11,0.6659066441338549,0.0038690790106395805
5.29e-11,0.6659066441338549,0.0038690790106395805
5.3e-11,0.6659066441338549,0.0038690790106395805
5.31e-11,0.6659066441338549,0.0038690790106395805
5.32e-11,0.6659066441338549,0.0038690790106395805
5.33e-11,0.6659066441338549,0.0038690790106395805
5.34e-11,0.6659066441338549,0.0038690790106395805
5.35e-11,0.6659066441338549,0.0038690790106395805
5.36e-11,0.6659066441338549,0.0038690790106395805
5.37e-11,0.6659066441338549,0.0038690790106395805
5.38e-11,0.6659066441338549,0.0038690790106395805
5.39e-11,0.6659066441338549,0.0038690790106395805
5.4e-11,0.6659066441338549,0.0038690790106395805
5.41e-11,0.6659066441338549,0.0038690790106395805
5.42e-11,0.6659066441338549,0.0038690790106395805
5.43e-11,0.6659066441338549,0.0038690790106395805
5.44e-11,0.6659066441338549,0.0038690790106395805
5.45e-11,0.6659066441338549,0.0038690790106395805
5.46e-11,0.6659066441338549,0.0038690790106395805
5.47e-11,0.6659066441338549,0.0038690790106395805
5.48e-11,0.6659066441338549,0.0038690790106395805
5.49e-11,0.6659066441338549,0.0038690790106395805
5.5e-11,0.6659066441338549,0.0038690790106395805
5.51e-11,0.6659066441338549,0.0038690790106395805
5.52e-11,0.6659066441338549,0.0038690790106395805
5.53e-11,0.6659066441338549,0.0038690790106395805
5.54e-11,0.6659066441338549,0.0038690790106395805
5.55e-11,0.6659066441338549,0.0038690790106395805
5.56e-11,0.6659066441338549,0.0038690790106395805
5.57e-11,0.6659066441338549,0.0038690790106395805
5.58e-11,0.6659066441338549,0.0038690790106395805
5.59e-11,0.6659066441338549,0.0038690790106395805
5.6e-11,0.6659066441338549,0.0038690790106395805
5.61e-11,0.6659066441338549,0.0038690790106395805
5.62e-11,0.6659066441338549,0.0038690790106395805
5.63e-11,0.6659066441338549,0.0038690790106395805
5.64e-11,0.6659066441338549,0.0038690790106395805
5.65e-11,0.6659066441338549,0.0038690790106395805
5.66e-11,0.6659066441338549,0.0038690790106395805
5.67e-11,0.6659066441338549,0.0038690790106395805
5.68e-11,0.6659066441338549,0.0038690790106395805
5.69e-11,0.6659066441338549,0.0038690790106395805
5.7e-11,0.6659066441338549,0.0038690790106395805
5.71e-11,0.6659066441338549,0.0038690790106395805
5.72e-11,0.6659066441338549,0.0038690790106395805
5.73e-11,0.6659066441338549,0.0038690790106395805
5.74e-11,0.6659066441338549,0.0038690790106395805
5.75e-11,0.6659066441338549,0.0038690790106395805
5.76e-11,0.6659066441338549,0.0038690790106395805
5.77e-11,0.6659066441338549,0.0038690790106395805
5.78e-11,0.6659066441338549,0.0038690790106395805
5.79e-11,0.6659066441338549,0.0038690790106395805
5.8e-11,0.6659066441338549,0.0038690790106395805
5.81e-11,0.6659066441338549,0.0038690790106395805
5.82e-11,0.6659066441338549,0.0038690790106395805
5.83e-11,0.6659066441338549,0.0038690790106395805
5.84e-11,0.6659066441338549,0.0038690790106395805
5.85e-11,0.6659066441338549,0.0038690790106395805
5.86e-11,0.6659066441338549,0.0038690790106395805
5.87e-11,0.6659066441338549,0.0038690790106395805
5.88e-11,0.6659066441338549,0.0038690790106395805
5.89e-11,0.6659066441338549,0.0038690790106395805
5.9e-11,0.6659066441338549,0.0038690790106395805
5.91e-11,0.6659066441338549,0.0038690790106395805
5.92e-11,0.6659066441338549,0.0038690790106395805
5.93e-11,0.6659066441338549,0.0038690790106395805
5.94e-11,0.6659066441338549,0.0038690790106395805
5.95e-11,0.6659066441338549,0.0038690790106395805
5.96e-11,0.6659066441338549,0.0038690790106395805
5.97e-11,0.6659066441338549,0.0038690790106395805
5.98e-11,0.6659066441338549,0.0038690790106395805
5.99e-11,0.6659066441338549,0.0038690790106395805
6e-11,0.6659066441338549,0.0038690790106395805
6.01e-11,0.6659066441338549,0.0038690790106395805
6.02e-11,0.6659066441338549,0.0038690790106395805
6.03e-11,0.6659066441338549,0.0038690790106395805
6.04e-11,0.6659066441338549,0.0038690790106395805
6.05e-11,0.6659066441338549,0.0038690790106395805
6.06e-11,0.6659066441338549,0.0038690790106395805
6.07e-11,0.6659066441338549,0.0038690790106395805
6.08e-11,0.6659066441338549,0.0038690790106395805
6.09e-11,0.6659066441338549,0.0038690790106395805
6.1e-11,0.6659066441338549,0.0038690790106395805
6.11e-11,0.6659066441338549,0.0038690790106395805
6.12e-11,0.6659066441338549,0.0038690790106395805
6.13e-11,0.6659066441338549,0.0038690790106395805
6.14e-11,0.6659066441338549,0.0038690790106395805
6.15e-11,0.6659066441338549,0.0038690790106395805
6.16e-11,0.6659066441338549,0.0038690790106395805
6.17e-11,0.6659066441338549,0.0038690790106395805
6.18e-11,0.6659066441338549,0.0038690790106395805
6.19e-11,0.6659066441338549,0.0038690790106395805
6.2e-11,0.6659066441338549,0.0038690790106395805
6.21e-11,0.6659066441338549,0.0038690790106395805
6.22e-11,0.6659066441338549,0.0038690790106395805
6.23e-11,0.6659066441338549,0.0038690790106395805
6.24e-11,0.6659066441338549,0.0038690790106395805
6.25e-11,0.6659066441338549,0.0038690790106395805
6.26e-11,0.6659066441338549,0.0038690790106395805
6.27e-11,0.6659066441338549,0.0038690790106395805
6.28e-11,0.6659066441338549,0.0038690790106395805
6.29e-11,0.6659066441338549,0.0038690790106395805
6.3e-11,0.6659066441338549,0.0038690790106395805
6.31e-11,0.6659066441338549,0.0038690790106395805
6.32e-11,0.6659066441338549,0.0038690790106395805
6.33e-11,0.6659066441338549,0.0038690790106395805
6.34e-11,0.6659066441338549,0.0038690790106395805
6.35e-11,0.6659066441338549,0.0038690790106395805
6.36e-11,0.6659066441338549,0.0038690790106395805
6.37e-11,0.6659066441338549,0.0038690790106395805
6.38e-11,0.6659066441338549,0.0038690790106395805
6.39e-11,0.6659066441338549,0.0038690790106395805
6.4e-11,0.6659066441338549,0.0038690790106395805
6.41e-11,0.6659066441338549,0.0038690790106395805
6.42e-11,0.6659066441338549,0.0038690790106395805
6.43e-11,0.6659066441338549,0.0038690790106395805
6.44e-11,0.6659066441338549,0.0038690790106395805
6.45e-11,0.6659066441338549,0.0038690790106395805
6.46e-11,0.6659066441338549,0.0038690790106395805
6.47e-11,0.6659066441338549,0.0038690790106395805
6.48e-11,0.6659066441338549,0.0038690790106395805
6.49e-11,0.6659066441338549,0.0038690790106395805
6.5e-11,0.6659066441338549,0.0038690790106395805
6.51e-11,0.6659066441338549,0.0038690790106395805
6.52e-11,0.6659066441338549,0.0038690790106395805
6.53e-11,0.6659066441338549,0.0038690790106395805
6.54e-11,0.6659066441338549,0.0038690790106395805
6.55e-11,0.6659066441338549,0.0038690790106395805
6.56e-11,0.6659066441338549,0.0038690790106395805
6.57e-11,0.6659066441338549,0.0038690790106395805
6.58e-11,0.6659066441338549,0.0038690790106395805
6.59e-11,0.6659066441338549,0.0038690790106395805
6.6e-11,0.6659066441338549,0.0038690790106395805
6.61e-11,0.6659066441338549,0.0038690790106395805
6.62e-11,0.6659066441338549,0.0038690790106395805
6.63e-11,0.6659066441338549,0.0038690790106395805
6.64e-11,0.6659066441338549,0.0038690790106395805
6.65e-11,0.6659066441338549,0.0038690790106395805
6.66e-11,0.6659066441338549,0.0038690790106395805
6.67e-11,0.6659066441338549,0.0038690790106395805
6.68e-11,0.6659066441338549,0.0038690790106395805
6.69e-11,0.6659066441338549,0.0038690790106395805
6.7e-11,0.6659066441338549,0.0038690790106395805
6.71e-11,0.6659066441338549,0.0038690790106395805
6.72e-11,0.6659066441338549,0.0038690790106395805
6.73e-11,0.6659066441338549,0.0038690790106395805
6.74e-11,0.6659066441338549,0.0038690790106395805
6.75e-11,0.6659066441338549,0.0038690790106395805
6.76e-11,0.6659066441338549,0.0038690790106395805
6.77e-11,0.6659066441338549,0.0038690790106395805
6.78e-11,0.6659066441338549,0.0038690790106395805
6.79e-11,0.6659066441338549,0.0038690790106395805
6.8e-11,0.6659066441338549,0.0038690790106395805
6.81e-11,0.6659066441338549,0.0038690790106395805
6.82e-11,0.6659066441338549,0.0038690790106395805
6.83e-11,0.6659066441338549,0.0038690790106395805
6.84e-11,0.6659066441338549,0.0038690790106395805
6.85e-11,0.6659066441338549,0.0038690790106395805
6.86e-11,0.6659066441338549,0.0038690790106395805
6.87e-11,0.6659066441338549,0.0038690790106395805
6.88e-11,0.6659066441338549,0.0038690790106395805
6.89e-11,0.6659066441338549,0.0038690790106395805
6.9e-11,0.6659066441338549,0.0038690790106395805
6.91e-11,0.6659066441338549,0.0038690790106395805
6.92e-11,0.6659066441338549,0.0038690790106395805
6.93e-11,0.6659066441338549,0.0038690790106395805
6.94e-11,0.6659066441338549,0.0038690790106395805
6.95e-11,0.6659066441338549,0.0038690790106395805
6.96e-11,0.6659066441338549,0.0038690790106395805
6.97e-11,0.6659066441338549,0.0038690790106395805
6.98e-11,0.6659066441338549,0.0038690790106395805
6.99e-11,0.6659066441338549,0.0038690790106395805
7e-11,0.6659066441338549,0.0038690790106395805
7.01e-11,0.6659066441338549,0.0038690790106395805
7.02e-11,0.6659066441338549,0.0038690790106395805
7.03e-11,0.6659066441338549,0.0038690790106395805
7.04e-11,0.6659066441338549,0.0038690790106395805
7.05e-11,0.6659066441338549,0.0038690790106395805
7.06e-11,0.6659066441338549,0.0038690790106395805
7.07e-11,0.6659066441338549,0.0038690790106395805
7.08e-11,0.6659066441338549,0.0038690790106395805
7.09e-11,0.6659066441338549,0.0038690790106395805
7.1e-11,0.6659066441338549,0.0038690790106395805
7.11e-11,0.6659066441338549,0.0038690790106395805
7.12e-11,0.6659066441338549,0.0038690790106395805
7.13e-11,0.6659066441338549,0.0038690790106395805
7.14e-11,0.6659066441338549,0.0038690790106395805
7.15e-11,0.6659066441338549,0.0038690790106395805
7.16e-11,0.6659066441338549,0.0038690790106395805
7.17e-11,0.6659066441338549,0.0038690790106395805
7.18e-11,0.6659066441338549,0.0038690790106395805
7.19e-11,0.6659066441338549,0.0038690790106395805
7.2e-11,0.6659066441338549,0.0038690790106395805
7.21e-11,0.6659066441338549,0.0038690790106395805
7.22e-11,0.6659066441338549,0.0038690790106395805
7.23e-11,0.6659066441338549,0.0038690790106395805
7.24e-11,0.6659066441338549,0.0038690790106395805
7.25e-11,0.6659066441338549,0.0038690790106395805
7.26e-11,0.6659066441338549,0.0038690790106395805
7.27e-11,0.6659066441338549,0.0038690790106395805
7.28e-11,0.6659066441338549,0.0038690790106395805
7.29e-11,0.6659066441338549,0.0038690790106395805
7.3e-11,0.6659066441338549,0.0038690790106395805
7.31e-11,0.6659066441338549,0.0038690790106395805
7.32e-11,0.6659066441338549,0.0038690790106395805
7.33e-11,0.6659066441338549,0.0038690790106395805
7.34e-11,0.6659066441338549,0.0038690790106395805
7.35e-11,0.6659066441338549,0.0038690790106395805
7.36e-11,0.6659066441338549,0.0038690790106395805
7.37e-11,0.6659066441338549,0.0038690790106395805
7.38e-11,0.6659066441338549,0.0038690790106395805
7.39e-11,0.6659066441338549,0.0038690790106395805
7.4e-11,0.6659066441338549,0.0038690790106395805
7.41e-11,0.6659066441338549,0.0038690790106395805
7.42e-11,0.6659066441338549,0.0038690790106395805
7.43e-11,0.6659066441338549,0.0038690790106395805
7.44e-11,0.6659066441338549,0.0038690790106395805
7.45e-11,0.6659066441338549,0.0038690790106395805
7.46e-11,0.6659066441338549,0.0038690790106395805
7.47e-11,0.6659066441338549,0.0038690790106395805
7.48e-11,0.6659066441338549,0.0038690790106395805
7.49e-11,0.6659066441338549,0.0038690790106395805
7.5e-11,0.6659066441338549,0.0038690790106395805
7.51e-11,0.6659066441338549,0.0038690790106395805
7.52e-11,0.6659066441338549,0.0038690790106395805
7.53e-11,0.6659066441338549,0.0038690790106395805
7.54e-11,0.6659066441338549,0.0038690790106395805
7.55e-11,0.6659066441338549,0.0038690790106395805
7.56e-11,0.6659066441338549,0.0038690790106395805
7.57e-11,0.6659066441338549,0.0038690790106395805
7.58e-11,0.6659066441338549,0.0038690790106395805
7.59e-11,0.6659066441338549,0.0038690790106395805
7.6e-11,0.6659066441338549,0.0038690790106395805
7.61e-11,0.6659066441338549,0.0038690790106395805
7.62e-11,0.6659066441338549,0.0038690790106395805
7.63e-11,0.6659066441338549,0.0038690790106395805
7.64e-11,0.6659066441338549,0.0038690790106395805
7.65e-11,0.6659066441338549,0.0038690790106395805
7.66e-11,0.6659066441338549,0.0038690790106395805
7.67e-11,0.6659066441338549,0.0038690790106395805
7.68e-11,0.6659066441338549,0.0038690790106395805
7.69e-11,0.6659066441338549,0.0038690790106395805
7.7e-11,0.6659066441338549,0.0038690790106395805
7.71e-11,0.6659066441338549,0.0038690790106395805
7.72e-11,0.6659066441338549,0.0038690790106395805
7.73e-11,0.6659066441338549,0.0038690790106395805
7.74e-11,0.6659066441338549,0.0038690790106395805
7.75e-11,0.6659066441338549,0.0038690790106395805
7.76e-11,0.6659066441338549,0.0038690790106395805
7.77e-11,0.6659066441338549,0.0038690790106395805
7.78e-11,0.6659066441338549,0.0038690790106395805
7.79e-11,0.6659066441338549,0.0038690790106395805
7.8e-11,0.6659066441338549,0.0038690790106395805
7.81e-11,0.6659066441338549,0.0038690790106395805
7.82e-11,0.6659066441338549,0.0038690790106395805
7.83e-11,0.6659066441338549,0.0038690790106395805
7.84e-11,0.6659066441338549,0.0038690790106395805
7.85e-11,0.6659066441338549,0.0038690790106395805
7.86e-11,0.6659066441338549,0.0038690790106395805
7.87e-11,0.6659066441338549,0.0038690790106395805
7.88e-11,0.6659066441338549,0.0038690790106395805
7.89e-11,0.6659066441338549,0.0038690790106395805
7.9e-11,0.6659066441338549,0.0038690790106395805
7.91e-11,0.6659066441338549,0.0038690790106395805
7.92e-11,0.6659066441338549,0.0038690790106395805
7.93e-11,0.6659066441338549,0.0038690790106395805
7.94e-11,0.6659066441338549,0.0038690790106395805
7.95e-11,0.6659066441338549,0.0038690790106395805
7.96e-11,0.6659066441338549,0.0038690790106395805
7.97e-11,0.6659066441338549,0.0038690790106395805
7.98e-11,0.6659066441338549,0.0038690790106395805
7.99e-11,0.6659066441338549,0.0038690790106395805
8e-11,0.6659066441338549,0.0038690790106395805
8.01e-11,0.6659066441338549,0.0038690790106395805
8.02e-11,0.6659066441338549,0.0038690790106395805
8.03e-11,0.6659066441338549,0.0038690790106395805
8.04e-11,0.6659066441338549,0.0038690790106395805
8.05e-11,0.6659066441338549,0.0038690790106395805
8.06e-11,0.6659066441338549,0.0038690790106395805
8.07e-11,0.6659066441338549,0.0038690790106395805
8.08e-11,0.6659066441338549,0.0038690790106395805
8.09e-11,0.6659066441338549,0.0038690790106395805
8.1e-11,0.6659066441338549,0.0038690790106395805
8.11e-11,0.6659066441338549,0.0038690790106395805
8.12e-11,0.6659066441338549,0.0038690790106395805
8.13e-11,0.6659066441338549,0.0038690790106395805
8.14e-11,0.6659066441338549,0.0038690790106395805
8.15e-11,0.6659066441338549,0.0038690790106395805
8.16e-11,0.6659066441338549,0.0038690790106395805
8.17e-11,0.6659066441338549,0.0038690790106395805
8.18e-11,0.6659066441338549,0.0038690790106395805
8.19e-11,0.6659066441338549,0.0038690790106395805
8.2e-11,0.6659066441338549,0.0038690790106395805
8.21e-11,0.6659066441338549,0.0038690790106395805
8.22e-11,0.6659066441338549,0.0038690790106395805
8.23e-11,0.6659066441338549,0.0038690790106395805
8.24e-11,0.6659066441338549,0.0038690790106395805
8.25e-11,0.6659066441338549,0.0038690790106395805
8.26e-11,0.6659066441338549,0.0038690790106395805
8.27e-11,0.6659066441338549,0.0038690790106395805
8.28e-11,0.6659066441338549,0.0038690790106395805
8.29e-11,0.6659066441338549,0.0038690790106395805
8.3e-11,0.6659066441338549,0.0038690790106395805
8.31e-11,0.6659066441338549,0.0038690790106395805
8.32e-11,0.6659066441338549,0.0038690790106395805
8.33e-11,0.6659066441338549,0.0038690790106395805
8.34e-11,0.6659066441338549,0.0038690790106395805
8.35e-11,0.6659066441338549,0.0038690790106395805
8.36e-11,0.6659066441338549,0.0038690790106395805
8.37e-11,0.6659066441338549,0.0038690790106395805
8.38e-11,0.6659066441338549,0.0038690790106395805
8.39e-11,0.6659066441338549,0.0038690790106395805
8.4e-11,0.6659066441338549,0.0038690790106395805
8.41e-11,0.6659066441338549,0.0038690790106395805
8.42e-11,0.6659066441338549,0.0038690790106395805
8.43e-11,0.6659066441338549,0.0038690790106395805
8.44e-11,0.6659066441338549,0.0038690790106395805
8.45e-11,0.6659066441338549,0.0038690790106395805
8.46e-11,0.6659066441338549,0.0038690790106395805
8.47e-11,0.6659066441338549,0.0038690790106395805
8.48e-11,0.6659066441338549,0.0038690790106395805
8.49e-11,0.6659066441338549,0.0038690790106395805
8.5e-11,0.6659066441338549,0.0038690790106395805
8.51e-11,0.6659066441338549,0.0038690790106395805
8.52e-11,0.6659066441338549,0.0038690790106395805
8.53e-11,0.6659066441338549,0.0038690790106395805
8.54e-11,0.6659066441338549,0.0038690790106395805
8.55e-11,0.6659066441338549,0.0038690790106395805
8.56e-11,0.6659066441338549,0.0038690790106395805
8.57e-11,0.6659066441338549,0.0038690790106395805
8.58e-11,0.6659066441338549,0.0038690790106395805
8.59e-11,0.6659066441338549,0.0038690790106395805
8.6e-11,0.6659066441338549,0.0038690790106395805
8.61e-11,0.6659066441338549,0.0038690790106395805
8.62e-11,0.6659066441338549,0.0038690790106395805
8.63e-11,0.6659066441338549,0.0038690790106395805
8.64e-11,0.6659066441338549,0.0038690790106395805
8.65e-11,0.6659066441338549,0.0038690790106395805
8.66e-11,0.6659066441338549,0.0038690790106395805
8.67e-11,0.6659066441338549,0.0038690790106395805
8.68e-11,0.6659066441338549,0.0038690790106395805
8.69e-11,0.6659066441338549,0.0038690790106395805
8.7e-11,0.6659066441338549,0.0038690790106395805
8.71e-11,0.6659066441338549,0.0038690790106395805
8.72e-11,0.6659066441338549,0.0038690790106395805
8.73e-11,0.6659066441338549,0.0038690790106395805
8.74e-11,0.6659066441338549,0.0038690790106395805
8.75e-11,0.6659066441338549,0.0038690790106395805
8.76e-11,0.6659066441338549,0.0038690790106395805
8.77e-11,0.6659066441338549,0.0038690790106395805
8.78e-11,0.6659066441338549,0.0038690790106395805
8.79e-11,0.6659066441338549,0.0038690790106395805
8.8e-11,0.6659066441338549,0.0038690790106395805
8.81e-11,0.6659066441338549,0.0038690790106395805
8.82e-11,0.6659066441338549,0.0038690790106395805
8.83e-11,0.6659066441338549,0.0038690790106395805
8.84e-11,0.6659066441338549,0.0038690790106395805
8.85e-11,0.6659066441338549,0.0038690790106395805
8.86e-11,0.6659066441338549,0.0038690790106395805
8.87e-11,0.6659066441338549,0.0038690790106395805
8.88e-11,0.6659066441338549,0.0038690790106395805
8.89e-11,0.6659066441338549,0.0038690790106395805
8.9e-11,0.6659066441338549,0.0038690790106395805
8.91e-11,0.6659066441338549,0.0038690790106395805
8.92e-11,0.6659066441338549,0.0038690790106395805
8.93e-11,0.6659066441338549,0.0038690790106395805
8.94e-11,0.6659066441338549,0.0038690790106395805
8.95e-11,0.6659066441338549,0.0038690790106395805
8.96e-11,0.6659066441338549,0.0038690790106395805
8.97e-11,0.6659066441338549,0.0038690790106395805
8.98e-11,0.6659066441338549,0.0038690790106395805
8.99e-11,0.6659066441338549,0.0038690790106395805
9e-11,0.6659066441338549,0.0038690790106395805
9.01e-11,0.6659066441338549,0.0038690790106395805
9.02e-11,0.6659066441338549,0.0038690790106395805
9.03e-11,0.6659066441338549,0.0038690790106395805
9.04e-11,0.6659066441338549,0.0038690790106395805
9.05e-11,0.6659066441338549,0.0038690790106395805
9.06e-11,0.6659066441338549,0.0038690790106395805
9.07e-11,0.6659066441338549,0.0038690790106395805
9.08e-11,0.6659066441338549,0.0038690790106395805
9.09e-11,0.6659066441338549,0.0038690790106395805
9.1e-11,0.6659066441338549,0.0038690790106395805
9.11e-11,0.6659066441338549,0.0038690790106395805
9.12e-11,0.6659066441338549,0.0038690790106395805
9.13e-11,0.6659066441338549,0.0038690790106395805
9.14e-11,0.6659066441338549,0.0038690790106395805
9.15e-11,0.6659066441338549,0.0038690790106395805
9.16e-11,0.6659066441338549,0.0038690790106395805
9.17e-11,0.6659066441338549,0.0038690790106395805
9.18e-11,0.6659066441338549,0.0038690790106395805
9.19e-11,0.6659066441338549,0.0038690790106395805
9.2e-11,0.6659066441338549,0.0038690790106395805
9.21e-11,0.6659066441338549,0.0038690790106395805
9.22e-11,0.6659066441338549,0.0038690790106395805
9.23e-11,0.6659066441338549,0.0038690790106395805
9.24e-11,0.6659066441338549,0.0038690790106395805
9.25e-11,0.6659066441338549,0.0038690790106395805
9.26e-11,0.6659066441338549,0.0038690790106395805
9.27e-11,0.6659066441338549,0.0038690790106395805
9.28e-11,0.6659066441338549,0.0038690790106395805
9.29e-11,0.6659066441338549,0.0038690790106395805
9.3e-11,0.6659066441338549,0.0038690790106395805
9.31e-11,0.6659066441338549,0.0038690790106395805
9.32e-11,0.6659066441338549,0.0038690790106395805
9.33e-11,0.6659066441338549,0.0038690790106395805
9.34e-11,0.6659066441338549,0.0038690790106395805
9.35e-11,0.6659066441338549,0.0038690790106395805
9.36e-11,0.6659066441338549,0.0038690790106395805
9.37e-11,0.6659066441338549,0.0038690790106395805
9.38e-11,0.6659066441338549,0.0038690790106395805
9.39e-11,0.6659066441338549,0.0038690790106395805
9.4e-11,0.6659066441338549,0.0038690790106395805
9.41e-11,0.6659066441338549,0.0038690790106395805
9.42e-11,0.6659066441338549,0.0038690790106395805
9.43e-11,0.6659066441338549,0.0038690790106395805
9.44e-11,0.6659066441338549,0.0038690790106395805
9.45e-11,0.6659066441338549,0.0038690790106395805
9.46e-11,0.6659066441338549,0.0038690790106395805
9.47e-11,0.6659066441338549,0.0038690790106395805
9.48e-11,0.6659066441338549,0.0038690790106395805
9.49e-11,0.6659066441338549,0.0038690790106395805
9.5e-11,0.6659066441338549,0.0038690790106395805
9.51e-11,0.6659066441338549,0.0038690790106395805
9.52e-11,0.6659066441338549,0.0038690790106395805
9.53e-11,0.6659066441338549,0.0038690790106395805
9.54e-11,0.6659066441338549,0.0038690790106395805
9.55e-11,0.6659066441338549,0.0038690790106395805
9.56e-11,0.6659066441338549,0.0038690790106395805
9.57e-11,0.6659066441338549,0.0038690790106395805
9.58e-11,0.6659066441338549,0.0038690790106395805
9.59e-11,0.6659066441338549,0.0038690790106395805
9.6e-11,0.6659066441338549,0.0038690790106395805
9.61e-11,0.6659066441338549,0.0038690790106395805
9.62e-11,0.6659066441338549,0.0038690790106395805
9.63e-11,0.6659066441338549,0.0038690790106395805
9.64e-11,0.6659066441338549,0.0038690790106395805
9.65e-11,0.6659066441338549,0.0038690790106395805
9.66e-11,0.6659066441338549,0.0038690790106395805
9.67e-11,0.6659066441338549,0.0038690790106395805
9.68e-11,0.6659066441338549,0.0038690790106395805
9.69e-11,0.6659066441338549,0.0038690790106395805
9.7e-11,0.6659066441338549,0.0038690790106395805
9.71e-11,0.6659066441338549,0.0038690790106395805
9.72e-11,0.6659066441338549,0.0038690790106395805
9.73e-11,0.6659066441338549,0.0038690790106395805
9.74e-11,0.6659066441338549,0.0038690790106395805
9.75e-11,0.6659066441338549,0.0038690790106395805
9.76e-11,0.6659066441338549,0.0038690790106395805
9.77e-11,0.6659066441338549,0.0038690790106395805
9.78e-11,0.6659066441338549,0.0038690790106395805
9.79e-11,0.6659066441338549,0.0038690790106395805
9.8e-11,0.6659066441338549,0.0038690790106395805
9.81e-11,0.6659066441338549,0.0038690790106395805
9.82e-11,0.6659066441338549,0.0038690790106395805
9.83e-11,0.6659066441338549,0.0038690790106395805
9.84e-11,0.6659066441338549,0.0038690790106395805
9.85e-11,0.6659066441338549,0.0038690790106395805
9.86e-11,0.6659066441338549,0.0038690790106395805
9.87e-11,0.6659066441338549,0.0038690790106395805
9.88e-11,0.6659066441338549,0.0038690790106395805
9.89e-11,0.6659066441338549,0.0038690790106395805
9.9e-11,0.6659066441338549,0.0038690790106395805
9.91e-11,0.6659066441338549,0.0038690790106395805
9.92e-11,0.6659066441338549,0.0038690790106395805
9.93e-11,0.6659066441338549,0.0038690790106395805
9.94e-11,0.6659066441338549,0.0038690790106395805
9.95e-11,0.6659066441338549,0.0038690790106395805
9.96e-11,0.6659066441338549,0.0038690790106395805
9.97e-11,0.6659066441338549,0.0038690790106395805
9.98e-11,0.6659066441338549,0.0038690790106395805
9.99e-11,0.6659066441338549,0.0038690790106395805
1e-10,0.6659066441338549,0.0038690790106395805
1.001e-10,0.6659066441338549,0.0038690790106395805
1.002e-10,0.6659066441338549,0.0038690790106395805
1.003e-10,0.6659066441338549,0.0038690790106395805
1.004e-10,0.6659066441338549,0.0038690790106395805
1.005e-10,0.6659066441338549,0.0038690790106395805
1.006e-10,0.6659066441338549,0.0038690790106395805
1.007e-10,0.6659066441338549,0.0038690790106395805
1.008e-10,0.6659066441338549,0.0038690790106395805
1.009e-10,0.6659066441338549,0.0038690790106395805
1.01e-10,0.6659066441338549,0.0038690790106395805
1.011e-10,0.6659066441338549,0.0038690790106395805
1.012e-10,0.6659066441338549,0.0038690790106395805
1.013e-10,0.6659066441338549,0.0038690790106395805
1.014e-10,0.6659066441338549,0.0038690790106395805
1.015e-10,0.6659066441338549,0.0038690790106395805
1.016e-10,0.6659066441338549,0.0038690790106395805
1.017e-10,0.6659066441338549,0.0038690790106395805
1.018e-10,0.6659066441338549,0.0038690790106395805
1.019e-10,0.6659066441338549,0.0038690790106395805
1.02e-10,0.6659066441338549,0.0038690790106395805
1.021e-10,0.6659066441338549,0.0038690790106395805
1.022e-10,0.6659066441338549,0.0038690790106395805
1.023e-10,0.6659066441338549,0.0038690790106395805
1.024e-10,0.6659066441338549,0.0038690790106395805
1.025e-10,0.6659066441338549,0.0038690790106395805
1.026e-10,0.6659066441338549,0.0038690790106395805
1.027e-10,0.6659066441338549,0.0038690790106395805
1.028e-10,0.6659066441338549,0.0038690790106395805
1.029e-10,0.6659066441338549,0.0038690790106395805
1.03e-10,0.6659066441338549,0.0038690790106395805
1.031e-10,0.6659066441338549,0.0038690790106395805
1.032e-10,0.6659066441338549,0.0038690790106395805
1.033e-10,0.6659066441338549,0.0038690790106395805
1.034e-10,0.6659066441338549,0.0038690790106395805
1.035e-10,0.6659066441338549,0.0038690790106395805
1.036e-10,0.6659066441338549,0.0038690790106395805
1.037e-10,0.6659066441338549,0.0038690790106395805
1.038e-10,0.6659066441338549,0.0038690790106395805
1.039e-10,0.6659066441338549,0.0038690790106395805
1.04e-10,0.6659066441338549,0.0038690790106395805
1.041e-10,0.6659066441338549,0.0038690790106395805
1.042e-10,0.6659066441338549,0.0038690790106395805
1.043e-10,0.6659066441338549,0.0038690790106395805
1.044e-10,0.6659066441338549,0.0038690790106395805
1.045e-10,0.6659066441338549,0.0038690790106395805
1.046e-10,0.6659066441338549,0.0038690790106395805
1.047e-10,0.6659066441338549,0.0038690790106395805
1.048e-10,0.6659066441338549,0.0038690790106395805
1.049e-10,0.6659066441338549,0.0038690790106395805
1.05e-10,0.6659066441338549,0.0038690790106395805
1.051e-10,0.6659066441338549,0.0038690790106395805
1.052e-10,0.6659066441338549,0.0038690790106395805
1.053e-10,0.6659066441338549,0.0038690790106395805
1.054e-10,0.6659066441338549,0.0038690790106395805
1.055e-10,0.6659066441338549,0.0038690790106395805
1.056e-10,0.6659066441338549,0.0038690790106395805
1.057e-10,0.6659066441338549,0.0038690790106395805
1.058e-10,0.6659066441338549,0.0038690790106395805
1.059e-10,0.6659066441338549,0.0038690790106395805
1.06e-10,0.6659066441338549,0.0038690790106395805
1.061e-10,0.6659066441338549,0.0038690790106395805
1.062e-10,0.6659066441338549,0.0038690790106395805
1.063e-10,0.6659066441338549,0.0038690790106395805
1.064e-10,0.6659066441338549,0.0038690790106395805
1.065e-10,0.6659066441338549,0.0038690790106395805
1.066e-10,0.6659066441338549,0.0038690790106395805
1.067e-10,0.6659066441338549,0.0038690790106395805
1.068e-10,0.6659066441338549,0.0038690790106395805
1.069e-10,0.6659066441338549,0.0038690790106395805
1.07e-10,0.6659066441338549,0.0038690790106395805
1.071e-10,0.6659066441338549,0.0038690790106395805
1.072e-10,0.6659066441338549,0.0038690790106395805
1.073e-10,0.6659066441338549,0.0038690790106395805
1.074e-10,0.6659066441338549,0.0038690790106395805
1.075e-10,0.6659066441338549,0.0038690790106395805
1.076e-10,0.6659066441338549,0.0038690790106395805
1.077e-10,0.6659066441338549,0.0038690790106395805
1.078e-10,0.6659066441338549,0.0038690790106395805
1.079e-10,0.6659066441338549,0.0038690790106395805
1.08e-10,0.6659066441338549,0.0038690790106395805
1.081e-10,0.6659066441338549,0.0038690790106395805
1.082e-10,0.6659066441338549,0.0038690790106395805
1.083e-10,0.6659066441338549,0.0038690790106395805
1.084e-10,0.6659066441338549,0.0038690790106395805
1.085e-10,0.6659066441338549,0.0038690790106395805
1.086e-10,0.6659066441338549,0.0038690790106395805
1.087e-10,0.6659066441338549,0.0038690790106395805
1.088e-10,0.6659066441338549,0.0038690790106395805
1.089e-10,0.6659066441338549,0.0038690790106395805
1.09e-10,0.6659066441338549,0.0038690790106395805
1.091e-10,0.6659066441338549,0.0038690790106395805
1.092e-10,0.6659066441338549,0.0038690790106395805
1.093e-10,0.6659066441338549,0.0038690790106395805
1.094e-10,0.6659066441338549,0.0038690790106395805
1.095e-10,0.6659066441338549,0.0038690790106395805
1.096e-10,0.6659066441338549,0.0038690790106395805
1.097e-10,0.6659066441338549,0.0038690790106395805
1.098e-10,0.6659066441338549,0.0038690790106395805
1.099e-10,0.6659066441338549,0.0038690790106395805
1.1e-10,0.6659066441338549,0.0038690790106395805
1.101e-10,0.6659066441338549,0.0038690790106395805
1.102e-10,0.6659066441338549,0.0038690790106395805
1.103e-10,0.6659066441338549,0.0038690790106395805
1.104e-10,0.6659066441338549,0.0038690790106395805
1.105e-10,0.6659066441338549,0.0038690790106395805
1.106e-10,0.6659066441338549,0.0038690790106395805
1.107e-10,0.6659066441338549,0.0038690790106395805
1.108e-10,0.6659066441338549,0.0038690790106395805
1.109e-10,0.6659066441338549,0.0038690790106395805
1.11e-10,0.6659066441338549,0.0038690790106395805
1.111e-10,0.6659066441338549,0.0038690790106395805
1.112e-10,0.6659066441338549,0.0038690790106395805
1.113e-10,0.6659066441338549,0.0038690790106395805
1.114e-10,0.6659066441338549,0.0038690790106395805
1.115e-10,0.6659066441338549,0.0038690790106395805
1.116e-10,0.6659066441338549,0.0038690790106395805
1.117e-10,0.6659066441338549,0.0038690790106395805
1.118e-10,0.6659066441338549,0.0038690790106395805
1.119e-10,0.6659066441338549,0.0038690790106395805
1.12e-10,0.6659066441338549,0.0038690790106395805
1.121e-10,0.6659066441338549,0.0038690790106395805
1.122e-10,0.6659066441338549,0.0038690790106395805
1.123e-10,0.6659066441338549,0.0038690790106395805
1.124e-10,0.6659066441338549,0.0038690790106395805
1.125e-10,0.6659066441338549,0.0038690790106395805
1.126e-10,0.6659066441338549,0.0038690790106395805
1.127e-10,0.6659066441338549,0.0038690790106395805
1.128e-10,0.6659066441338549,0.0038690790106395805
1.129e-10,0.6659066441338549,0.0038690790106395805
1.13e-10,0.6659066441338549,0.0038690790106395805
1.131e-10,0.6659066441338549,0.0038690790106395805
1.132e-10,0.6659066441338549,0.0038690790106395805
1.133e-10,0.6659066441338549,0.0038690790106395805
1.134e-10,0.6659066441338549,0.0038690790106395805
1.135e-10,0.6659066441338549,0.0038690790106395805
1.136e-10,0.6659066441338549,0.0038690790106395805
1.137e-10,0.6659066441338549,0.0038690790106395805
1.138e-10,0.6659066441338549,0.0038690790106395805
1.139e-10,0.6659066441338549,0.0038690790106395805
1.14e-10,0.6659066441338549,0.0038690790106395805
1.141e-10,0.6659066441338549,0.0038690790106395805
1.142e-10,0.6659066441338549,0.0038690790106395805
1.143e-10,0.6659066441338549,0.0038690790106395805
1.144e-10,0.6659066441338549,0.0038690790106395805
1.145e-10,0.6659066441338549,0.0038690790106395805
1.146e-10,0.6659066441338549,0.0038690790106395805
1.147e-10,0.6659066441338549,0.0038690790106395805
1.148e-10,0.6659066441338549,0.0038690790106395805
1.149e-10,0.6659066441338549,0.0038690790106395805
1.15e-10,0.6659066441338549,0.0038690790106395805
1.151e-10,0.6659066441338549,0.0038690790106395805
1.152e-10,0.6659066441338549,0.0038690790106395805
1.153e-10,0.6659066441338549,0.0038690790106395805
1.154e-10,0.6659066441338549,0.0038690790106395805
1.155e-10,0.6659066441338549,0.0038690790106395805
1.156e-10,0.6659066441338549,0.0038690790106395805
1.157e-10,0.6659066441338549,0.0038690790106395805
1.158e-10,0.6659066441338549,0.0038690790106395805
1.159e-10,0.6659066441338549,0.0038690790106395805
1.16e-10,0.6659066441338549,0.0038690790106395805
1.161e-10,0.6659066441338549,0.0038690790106395805
1.162e-10,0.6659066441338549,0.0038690790106395805
1.163e-10,0.6659066441338549,0.0038690790106395805
1.164e-10,0.6659066441338549,0.0038690790106395805
1.165e-10,0.6659066441338549,0.0038690790106395805
1.166e-10,0.6659066441338549,0.0038690790106395805
1.167e-10,0.6659066441338549,0.0038690790106395805
1.168e-10,0.6659066441338549,0.0038690790106395805
1.169e-10,0.6659066441338549,0.0038690790106395805
1.17e-10,0.6659066441338549,0.0038690790106395805
1.171e-10,0.6659066441338549,0.0038690790106395805
1.172e-10,0.6659066441338549,0.0038690790106395805
1.173e-10,0.6659066441338549,0.0038690790106395805
1.174e-10,0.6659066441338549,0.0038690790106395805
1.175e-10,0.6659066441338549,0.0038690790106395805
1.176e-10,0.6659066441338549,0.0038690790106395805
1.177e-10,0.6659066441338549,0.0038690790106395805
1.178e-10,0.6659066441338549,0.0038690790106395805
1.179e-10,0.6659066441338549,0.0038690790106395805
1.18e-10,0.6659066441338549,0.0038690790106395805
1.181e-10,0.6659066441338549,0.0038690790106395805
1.182e-10,0.6659066441338549,0.0038690790106395805
1.183e-10,0.6659066441338549,0.0038690790106395805
1.184e-10,0.6659066441338549,0.0038690790106395805
1.185e-10,0.6659066441338549,0.0038690790106395805
1.186e-10,0.6659066441338549,0.0038690790106395805
1.187e-10,0.6659066441338549,0.0038690790106395805
1.188e-10,0.6659066441338549,0.0038690790106395805
1.189e-10,0.6659066441338549,0.0038690790106395805
1.19e-10,0.6659066441338549,0.0038690790106395805
1.191e-10,0.6659066441338549,0.0038690790106395805
1.192e-10,0.6659066441338549,0.0038690790106395805
1.193e-10,0.6659066441338549,0.0038690790106395805
1.194e-10,0.6659066441338549,0.0038690790106395805
1.195e-10,0.6659066441338549,0.0038690790106395805
1.196e-10,0.6659066441338549,0.0038690790106395805
1.197e-10,0.6659066441338549,0.0038690790106395805
1.198e-10,0.6659066441338549,0.0038690790106395805
1.199e-10,0.6659066441338549,0.0038690790106395805
1.2e-10,0.6659066441338549,0.0038690790106395805
1.201e-10,0.6659066441338549,0.0038690790106395805
1.202e-10,0.6659066441338549,0.0038690790106395805
1.203e-10,0.6659066441338549,0.0038690790106395805
1.204e-10,0.6659066441338549,0.0038690790106395805
1.205e-10,0.6659066441338549,0.0038690790106395805
1.206e-10,0.6659066441338549,0.0038690790106395805
1.207e-10,0.6659066441338549,0.0038690790106395805
1.208e-10,0.6659066441338549,0.0038690790106395805
1.209e-10,0.6659066441338549,0.0038690790106395805
1.21e-10,0.6659066441338549,0.0038690790106395805
1.211e-10,0.6659066441338549,0.0037668299294234243
1.212e-10,0.6659066441338549,0.00366870687714293
1.213e-10,0.6659066441338549,0.0035744149203330517
1.214e-10,0.6659066441338549,0.003483729433049724
1.215e-10,0.6659066441338549,0.0033964682006888047
1.216e-10,0.6659066441338549,0.0033124753652809496
1.217e-10,0.6659066441338549,0.0032316121659463027
1.218e-10,0.6659066441338549,0.003153751564347317
1.219e-10,0.6659066441338549,0.0030787750930929975
1.22e-10,0.6659066441338549,0.003006570977675303
1.221e-10,0.6659066441338549,0.002937032989455762
1.222e-10,0.6659066441338549,0.002870059719631879
1.223e-10,0.6659066441338549,0.002805574131804104
1.224e-10,0.6659066441338549,0.0027434954459421164
1.225e-10,0.6659066441338549,0.0027434954459421164
1.226e-10,0.6659066441338549,0.002683877324166207
1.227e-10,0.6659066441338549,0.002683877324166207
1.228e-10,0.6659066441338549,0.0026266032677734323
1.229e-10,0.6659066441338549,0.0026266032677734323
1.23e-10,0.6659066441338549,0.0025715643597098476
1.231e-10,0.6659066441338549,0.0025715643597098476
1.232e-10,0.6659066441338549,0.0025186584702008522
1.233e-10,0.6659066441338549,0.0025186584702008522
1.234e-10,0.6659066441338549,0.0024677896119498204
1.235e-10,0.6659066441338549,0.0024677896119498204
1.236e-10,0.6659066441338549,0.0024188674042769677
1.237e-10,0.6659066441338549,0.0024188674042769677
1.238e-10,0.6659066441338549,0.0023717693083102776
1.239e-10,0.6659066441338549,0.0023717693083102776
1.24e-10,0.6659066441338549,0.002326402130466519
1.241e-10,0.6659066441338549,0.002326402130466519
1.242e-10,0.6659066441338549,0.002282699210227641
1.243e-10,0.6659066441338549,0.002282699210227641
1.244e-10,0.6659066441338549,0.002282699210227641
1.245e-10,0.6659066441338549,0.00224063374643032
1.246e-10,0.6659066441338549,0.00224063374643032
1.247e-10,0.6659066441338549,0.00224063374643032
1.248e-10,0.6659066441338549,0.0022001358141061677
1.249e-10,0.6659066441338549,0.0022001358141061677
1.25e-10,0.6659066441338549,0.0022001358141061677
1.251e-10,0.6659066441338549,0.002161139308459284
1.252e-10,0.6659066441338549,0.002161139308459284
1.253e-10,0.6659066441338549,0.002161139308459284
1.254e-10,0.6659066441338549,0.002123701884731272
1.255e-10,0.6659066441338549,0.002123701884731272
1.256e-10,0.6659066441338549,0.002123701884731272
1.257e-10,0.6659066441338549,0.002123701884731272
1.258e-10,0.6659066441338549,0.002087788153059749
1.259e-10,0.6659066441338549,0.002087788153059749
1.26e-10,0.6659066441338549,0.002087788153059749
1.261e-10,0.6659066441338549,0.002087788153059749
1.262e-10,0.6659066441338549,0.002053301092579729
1.263e-10,0.6659066441338549,0.002053301092579729
1.264e-10,0.6659066441338549,0.002053301092579729
1.265e-10,0.6659066441338549,0.002053301092579729
1.266e-10,0.6659066441338549,0.002053301092579729
1.267e-10,0.6659066441338549,0.0020201286453616837
1.268e-10,0.6659066441338549,0.0020201286453616837
1.269e-10,0.6659066441338549,0.0020201286453616837
1.27e-10,0.6659066441338549,0.0020201286453616837
1.271e-10,0.6659066441338549,0.0020201286453616837
1.272e-10,0.6659066441338549,0.0019880998862227615
1.273e-10,0.6659066441338549,0.0019880998862227615
1.274e-10,0.6659066441338549,0.0019880998862227615
1.275e-10,0.6659066441338549,0.0019880998862227615
1.276e-10,0.6659066441338549,0.0019880998862227615
1.277e-10,0.6659066441338549,0.001957187080815687
1.278e-10,0.6659066441338549,0.001957187080815687
1.279e-10,0.6659066441338549,0.001957187080815687
1.28e-10,0.6659066441338549,0.001957187080815687
1.281e-10,0.6659066441338549,0.001957187080815687
1.282e-10,0.6659066441338549,0.001957187080815687
1.283e-10,0.6659066441338549,0.0019275178037086098
1.284e-10,0.6659066441338549,0.0019275178037086098
1.285e-10,0.6659066441338549,0.0019275178037086098
1.286e-10,0.6659066441338549,0.0019275178037086098
1.287e-10,0.6659066441338549,0.0019275178037086098
1.288e-10,0.6659066441338549,0.0019275178037086098
1.289e-10,0.6659066441338549,0.0019275178037086098
1.29e-10,0.6659066441338549,0.0019275178037086098
1.291e-10,0.6659066441338549,0.0019275178037086098
1.292e-10,0.6659066441338549,0.0019275178037086098
1.293e-10,0.6659066441338549,0.0019275178037086098
1.294e-10,0.6659066441338549,0.0018992368717744576
1.295e-10,0.6659066441338549,0.0018992368717744576
1.296e-10,0.6659066441338549,0.0018992368717744576
1.297e-10,0.6659066441338549,0.0018992368717744576
1.298e-10,0.6659066441338549,0.0018992368717744576
1.299e-10,0.6659066441338549,0.0018992368717744576
1.3e-10,0.6659066441338549,0.0018992368717744576
1.301e-10,0.6659066441338549,0.0018992368717744576
1.302e-10,0.6659066441338549,0.0018992368717744576
1.303e-10,0.6659066441338549,0.0018992368717744576
1.304e-10,0.6659066441338549,0.0018992368717744576
1.305e-10,0.6659066441338549,0.0018992368717744576
1.306e-10,0.6659066441338549,0.0018992368717744576
1.307e-10,0.6659066441338549,0.001871761966124633
1.308e-10,0.6659066441338549,0.001871761966124633
1.309e-10,0.6659066441338549,0.001871761966124633
1.31e-10,0.6659066441338549,0.001871761966124633
1.311e-10,0.6659066441338549,0.001871761966124633
1.312e-10,0.6659066441338549,0.001871761966124633
1.313e-10,0.6659066441338549,0.001871761966124633
1.314e-10,0.6659066441338549,0.001871761966124633
1.315e-10,0.6659066441338549,0.001871761966124633
1.316e-10,0.6659066441338549,0.001871761966124633
1.317e-10,0.6659066441338549,0.001871761966124633
1.318e-10,0.6659066441338549,0.001871761966124633
1.319e-10,0.6659066441338549,0.001871761966124633
1.32e-10,0.6659066441338549,0.001871761966124633
1.321e-10,0.6659066441338549,0.001871761966124633
1.322e-10,0.6659066441338549,0.001871761966124633
1.323e-10,0.6659066441338549,0.001871761966124633
1.324e-10,0.6659066441338549,0.001871761966124633
1.325e-10,0.6659066441338549,0.001871761966124633
1.326e-10,0.6659066441338549,0.001871761966124633
1.327e-10,0.6659066441338549,0.001871761966124633
1.328e-10,0.6659066441338549,0.001871761966124633
1.329e-10,0.6659066441338549,0.001871761966124633
1.33e-10,0.6659066441338549,0.001871761966124633
1.331e-10,0.6659066441338549,0.001871761966124633
1.332e-10,0.6659066441338549,0.001871761966124633
1.333e-10,0.6659066441338549,0.001871761966124633
1.334e-10,0.6659066441338549,0.001871761966124633
1.335e-10,0.6659066441338549,0.001871761966124633
1.336e-10,0.6659066441338549,0.001871761966124633
1.337e-10,0.6659066441338549,0.001871761966124633
1.338e-10,0.6659066441338549,0.001871761966124633
1.339e-10,0.6659066441338549,0.001871761966124633
1.34e-10,0.6659066441338549,0.001871761966124633
1.341e-10,0.6659066441338549,0.001871761966124633
1.342e-10,0.6659066441338549,0.001845964960921124
1.343e-10,0.6659066441338549,0.001845964960921124
1.344e-10,0.6659066441338549,0.001845964960921124
1.345e-10,0.6659066441338549,0.001845964960921124
1.346e-10,0.6659066441338549,0.001845964960921124
1.347e-10,0.6659066441338549,0.001845964960921124
1.348e-10,0.6659066441338549,0.0018213019677391308
1.349e-10,0.6659066441338549,0.0018213019677391308
1.35e-10,0.6659066441338549,0.0018213019677391308
1.351e-10,0.6659066441338549,0.0018213019677391308
1.352e-10,0.6659066441338549,0.0017975511883973816
1.353e-10,0.6659066441338549,0.0017975511883973816
1.354e-10,0.6659066441338549,0.0017975511883973816
1.355e-10,0.6659066441338549,0.0017975511883973816
1.356e-10,0.6659066441338549,0.0017746035853933714
1.357e-10,0.6659066441338549,0.0017746035853933714
1.358e-10,0.6659066441338549,0.0017746035853933714
1.359e-10,0.6659066441338549,0.0017746035853933714
1.36e-10,0.6659066441338549,0.001752419738249665
1.361e-10,0.6659066441338549,0.001752419738249665
1.362e-10,0.6659066441338549,0.001752419738249665
1.363e-10,0.6659066441338549,0.001752419738249665
1.364e-10,0.6659066441338549,0.001730964301579625
1.365e-10,0.6659066441338549,0.001730964301579625
1.366e-10,0.6659066441338549,0.001730964301579625
1.367e-10,0.6659066441338549,0.001730964301579625
1.368e-10,0.6659066441338549,0.001710344548090671
1.369e-10,0.6659066441338549,0.001710344548090671
1.37e-10,0.6659066441338549,0.001710344548090671
1.371e-10,0.6659066441338549,0.0016905124164483041
1.372e-10,0.6659066441338549,0.0016905124164483041
1.373e-10,0.6659066441338549,0.0016905124164483041
1.374e-10,0.6659066441338549,0.0016714074646642888
1.375e-10,0.6659066441338549,0.0016714074646642888
1.376e-10,0.6659066441338549,0.0016714074646642888
1.377e-10,0.6659066441338549,0.0016529789749123972
1.378e-10,0.6659066441338549,0.0016529789749123972
1.379e-10,0.6659066441338549,0.0016529789749123972
1.38e-10,0.6659066441338549,0.0016351651732684769
1.381e-10,0.6659066441338549,0.0016351651732684769
1.382e-10,0.6659066441338549,0.0016351651732684769
1.383e-10,0.6659066441338549,0.0016178346560026067
1.384e-10,0.6659066441338549,0.0016178346560026067
1.385e-10,0.6659066441338549,0.0016178346560026067
1.386e-10,0.6659066441338549,0.0016009943967881589
1.387e-10,0.6659066441338549,0.0016009943967881589
1.388e-10,0.6659066441338549,0.0016009943967881589
1.389e-10,0.6659066441338549,0.0016009943967881589
1.39e-10,0.6659066441338549,0.001584618899018957
1.391e-10,0.6659066441338549,0.001584618899018957
1.392e-10,0.6659066441338549,0.001584618899018957
1.393e-10,0.6659066441338549,0.001584618899018957
1.394e-10,0.6659066441338549,0.0015687199761035948
1.395e-10,0.6659066441338549,0.0015687199761035948
1.396e-10,0.6659066441338549,0.0015687199761035948
1.397e-10,0.6659066441338549,0.0015687199761035948
1.398e-10,0.6659066441338549,0.0015534482251523126
1.399e-10,0.6659066441338549,0.0015534482251523126
1.4e-10,0.6659066441338549,0.0015534482251523126
1.401e-10,0.6659066441338549,0.0015534482251523126
1.402e-10,0.6659066441338549,0.0015387315998160844
1.403e-10,0.6659066441338549,0.0015387315998160844
1.404e-10,0.6659066441338549,0.0015387315998160844
1.405e-10,0.6659066441338549,0.0015387315998160844
1.406e-10,0.6659066441338549,0.001524517790705332
1.407e-10,0.6659066441338549,0.001524517790705332
1.408e-10,0.6659066441338549,0.001524517790705332
1.409e-10,0.6659066441338549,0.001524517790705332
1.41e-10,0.6659066441338549,0.0015106696195379928
1.411e-10,0.6659066441338549,0.0015106696195379928
1.412e-10,0.6659066441338549,0.0015106696195379928
1.413e-10,0.6659066441338549,0.0015106696195379928
1.414e-10,0.6659066441338549,0.0015106696195379928
1.415e-10,0.6659066441338549,0.0015106696195379928
1.416e-10,0.6659066441338549,0.0015106696195379928
1.417e-10,0.6659066441338549,0.0015106696195379928
1.418e-10,0.6659066441338549,0.0015106696195379928
1.419e-10,0.6659066441338549,0.0015106696195379928
1.42e-10,0.6659066441338549,0.0015106696195379928
1.421e-10,0.6659066441338549,0.0015106696195379928
1.422e-10,0.6659066441338549,0.0015106696195379928
1.423e-10,0.6659066441338549,0.0015106696195379928
1.424e-10,0.6659066441338549,0.0015106696195379928
1.425e-10,0.6659066441338549,0.0015106696195379928
1.426e-10,0.6659066441338549,0.0015106696195379928
1.427e-10,0.6659066441338549,0.0015106696195379928
1.428e-10,0.6659066441338549,0.0015106696195379928
1.429e-10,0.6659066441338549,0.0015106696195379928
1.43e-10,0.6659066441338549,0.0015106696195379928
1.431e-10,0.6659066441338549,0.0015106696195379928
1.432e-10,0.6659066441338549,0.0015106696195379928
1.433e-10,0.6659066441338549,0.0015106696195379928
1.434e-10,0.6659066441338549,0.0015106696195379928
1.435e-10,0.6659066441338549,0.0015106696195379928
1.436e-10,0.6659066441338549,0.0015106696195379928
1.437e-10,0.6659066441338549,0.0015106696195379928
1.438e-10,0.6659066441338549,0.0015106696195379928
1.439e-10,0.6659066441338549,0.0015106696195379928
1.44e-10,0.6659066441338549,0.0015106696195379928
1.441e-10,0.6659066441338549,0.0015106696195379928
1.442e-10,0.6659066441338549,0.0015106696195379928
1.443e-10,0.6659066441338549,0.0015106696195379928
1.444e-10,0.6659066441338549,0.0015106696195379928
1.445e-10,0.6659066441338549,0.0015106696195379928
1.446e-10,0.6659066441338549,0.0015106696195379928
1.447e-10,0.6659066441338549,0.0015106696195379928
1.448e-10,0.6659066441338549,0.0015106696195379928
1.449e-10,0.6659066441338549,0.0015106696195379928
1.45e-10,0.6659066441338549,0.0015106696195379928
1.451e-10,0.6659066441338549,0.0015106696195379928
1.452e-10,0.6659066441338549,0.0015106696195379928
1.453e-10,0.6659066441338549,0.0015106696195379928
1.454e-10,0.6659066441338549,0.0015106696195379928
1.455e-10,0.6659066441338549,0.0015106696195379928
1.456e-10,0.6659066441338549,0.0015106696195379928
1.457e-10,0.6659066441338549,0.0015106696195379928
1.458e-10,0.6659066441338549,0.0015106696195379928
1.459e-10,0.6659066441338549,0.0015106696195379928
1.46e-10,0.6659066441338549,0.0015106696195379928
1.461e-10,0.6659066441338549,0.0015106696195379928
1.462e-10,0.6659066441338549,0.0015106696195379928
1.463e-10,0.6659066441338549,0.0015106696195379928
1.464e-10,0.6659066441338549,0.0015106696195379928
1.465e-10,0.6659066441338549,0.0015106696195379928
1.466e-10,0.6659066441338549,0.0015106696195379928
1.467e-10,0.6659066441338549,0.0015106696195379928
1.468e-10,0.6659066441338549,0.0015106696195379928
1.469e-10,0.6659066441338549,0.0015106696195379928
1.47e-10,0.6659066441338549,0.0015106696195379928
1.471e-10,0.6659066441338549,0.0015106696195379928
1.472e-10,0.6659066441338549,0.0015106696195379928
1.473e-10,0.6659066441338549,0.0015106696195379928
1.474e-10,0.6659066441338549,0.0015106696195379928
1.475e-10,0.6659066441338549,0.0015106696195379928
1.476e-10,0.6659066441338549,0.0015106696195379928
1.477e-10,0.6659066441338549,0.0015106696195379928
1.478e-10,0.6659066441338549,0.0015106696195379928
1.479e-10,0.6659066441338549,0.0015106696195379928
1.48e-10,0.6659066441338549,0.0015106696195379928
1.481e-10,0.6659066441338549,0.0015106696195379928
1.482e-10,0.6659066441338549,0.0015106696195379928
1.483e-10,0.6659066441338549,0.0015106696195379928
1.484e-10,0.6659066441338549,0.0015106696195379928
1.485e-10,0.6659066441338549,0.0015106696195379928
1.486e-10,0.6659066441338549,0.0015106696195379928
1.487e-10,0.6659066441338549,0.0015106696195379928
1.488e-10,0.6659066441338549,0.0015106696195379928
1.489e-10,0.6659066441338549,0.0015106696195379928
1.49e-10,0.6659066441338549,0.0015106696195379928
1.491e-10,0.6659066441338549,0.0015106696195379928
1.492e-10,0.6659066441338549,0.0015106696195379928
1.493e-10,0.6659066441338549,0.0015106696195379928
1.494e-10,0.6659066441338549,0.0015106696195379928
1.495e-10,0.6659066441338549,0.0015106696195379928
1.496e-10,0.6659066441338549,0.0015106696195379928
1.497e-10,0.6659066441338549,0.0015106696195379928
1.498e-10,0.6659066441338549,0.0015106696195379928
1.499e-10,0.6659066441338549,0.0015106696195379928
1.5e-10,0.6659066441338549,0.0015106696195379928
1.501e-10,0.6659066441338549,0.0015106696195379928
1.502e-10,0.6659066441338549,0.0015106696195379928
1.503e-10,0.6659066441338549,0.0015106696195379928
1.504e-10,0.6659066441338549,0.0015106696195379928
1.505e-10,0.6659066441338549,0.0015106696195379928
1.506e-10,0.6659066441338549,0.0015106696195379928
1.507e-10,0.6659066441338549,0.0015106696195379928
1.508e-10,0.6659066441338549,0.0015106696195379928
1.509e-10,0.6659066441338549,0.0015106696195379928
1.51e-10,0.6659066441338549,0.0015106696195379928
1.511e-10,0.6659066441338549,0.0015106696195379928
1.512e-10,0.6659066441338549,0.0015106696195379928
1.513e-10,0.6659066441338549,0.0015106696195379928
1.514e-10,0.6659066441338549,0.0015106696195379928
1.515e-10,0.6659066441338549,0.0015106696195379928
1.516e-10,0.6659066441338549,0.0015106696195379928
1.517e-10,0.6659066441338549,0.0015106696195379928
1.518e-10,0.6659066441338549,0.0015106696195379928
1.519e-10,0.6659066441338549,0.0015106696195379928
1.52e-10,0.6659066441338549,0.0015106696195379928
1.521e-10,0.6659066441338549,0.0015106696195379928
1.522e-10,0.6659066441338549,0.0015106696195379928
1.523e-10,0.6659066441338549,0.0015106696195379928
1.524e-10,0.6659066441338549,0.0015106696195379928
1.525e-10,0.6659066441338549,0.0015106696195379928
1.526e-10,0.6659066441338549,0.0015106696195379928
1.527e-10,0.6659066441338549,0.0015106696195379928
1.528e-10,0.6659066441338549,0.0015106696195379928
1.529e-10,0.6659066441338549,0.0015106696195379928
1.53e-10,0.6659066441338549,0.0015106696195379928
1.531e-10,0.6659066441338549,0.0015106696195379928
1.532e-10,0.6659066441338549,0.0015106696195379928
1.533e-10,0.6659066441338549,0.0015106696195379928
1.534e-10,0.6659066441338549,0.0015106696195379928
1.535e-10,0.6659066441338549,0.0015106696195379928
1.536e-10,0.6659066441338549,0.0015106696195379928
1.537e-10,0.6659066441338549,0.0015106696195379928
1.538e-10,0.6659066441338549,0.0015106696195379928
1.539e-10,0.6659066441338549,0.0015106696195379928
1.54e-10,0.6659066441338549,0.0015106696195379928
1.541e-10,0.6659066441338549,0.0015106696195379928
1.542e-10,0.6659066441338549,0.0015106696195379928
1.543e-10,0.6659066441338549,0.0015106696195379928
1.544e-10,0.6659066441338549,0.0015106696195379928
1.545e-10,0.6659066441338549,0.0015106696195379928
1.546e-10,0.6659066441338549,0.0015106696195379928
1.547e-10,0.6659066441338549,0.0015106696195379928
1.548e-10,0.6659066441338549,0.0015106696195379928
1.549e-10,0.6659066441338549,0.0015106696195379928
1.55e-10,0.6659066441338549,0.0015106696195379928
1.551e-10,0.6659066441338549,0.0015106696195379928
1.552e-10,0.6659066441338549,0.0015106696195379928
1.553e-10,0.6659066441338549,0.0015106696195379928
1.554e-10,0.6659066441338549,0.0015106696195379928
1.555e-10,0.6659066441338549,0.0015106696195379928
1.556e-10,0.6659066441338549,0.0015106696195379928
1.557e-10,0.6659066441338549,0.0015106696195379928
1.558e-10,0.6659066441338549,0.0015106696195379928
1.559e-10,0.6659066441338549,0.0015106696195379928
1.56e-10,0.6659066441338549,0.0015106696195379928
1.561e-10,0.6659066441338549,0.0015106696195379928
1.562e-10,0.6659066441338549,0.0015106696195379928
1.563e-10,0.6659066441338549,0.0015106696195379928
1.564e-10,0.6659066441338549,0.0015106696195379928
1.565e-10,0.6659066441338549,0.0015106696195379928
1.566e-10,0.6659066441338549,0.0015106696195379928
1.567e-10,0.6659066441338549,0.0015106696195379928
1.568e-10,0.6659066441338549,0.0015106696195379928
1.569e-10,0.6659066441338549,0.0015106696195379928
1.57e-10,0.6659066441338549,0.0015106696195379928
1.571e-10,0.6659066441338549,0.0015106696195379928
1.572e-10,0.6659066441338549,0.0015106696195379928
1.573e-10,0.6659066441338549,0.0015106696195379928
1.574e-10,0.6659066441338549,0.0015106696195379928
1.575e-10,0.6659066441338549,0.0015106696195379928
1.576e-10,0.6659066441338549,0.0015106696195379928
1.577e-10,0.6659066441338549,0.0015106696195379928
1.578e-10,0.6659066441338549,0.0015106696195379928
1.579e-10,0.6659066441338549,0.0015106696195379928
1.58e-10,0.6659066441338549,0.0015106696195379928
1.581e-10,0.6659066441338549,0.0015106696195379928
1.582e-10,0.6659066441338549,0.0015106696195379928
1.583e-10,0.6659066441338549,0.0015106696195379928
1.584e-10,0.6659066441338549,0.0015106696195379928
1.585e-10,0.6659066441338549,0.0015106696195379928
1.586e-10,0.6659066441338549,0.0015106696195379928
1.587e-10,0.6659066441338549,0.0015106696195379928
1.588e-10,0.6659066441338549,0.0015106696195379928
1.589e-10,0.6659066441338549,0.0015106696195379928
1.59e-10,0.6659066441338549,0.0015106696195379928
1.591e-10,0.6659066441338549,0.0015106696195379928
1.592e-10,0.6659066441338549,0.0015106696195379928
1.593e-10,0.6659066441338549,0.0015106696195379928
1.594e-10,0.6659066441338549,0.0015106696195379928
1.595e-10,0.6659066441338549,0.0015106696195379928
1.596e-10,0.6659066441338549,0.0015106696195379928
1.597e-10,0.6659066441338549,0.0015106696195379928
1.598e-10,0.6659066441338549,0.0015106696195379928
1.599e-10,0.6659066441338549,0.0015106696195379928
1.6e-10,0.6659066441338549,0.0015106696195379928
1.601e-10,0.6659066441338549,0.0015106696195379928
1.602e-10,0.6659066441338549,0.0015106696195379928
1.603e-10,0.6659066441338549,0.0015106696195379928
1.604e-10,0.6659066441338549,0.0015106696195379928
1.605e-10,0.6659066441338549,0.0015106696195379928
1.606e-10,0.6659066441338549,0.0015106696195379928
1.607e-10,0.6659066441338549,0.0015106696195379928
1.608e-10,0.6659066441338549,0.0015106696195379928
1.609e-10,0.6659066441338549,0.0015106696195379928
1.61e-10,0.6659066441338549,0.0015106696195379928
1.611e-10,0.6659066441338549,0.0015106696195379928
1.612e-10,0.6659066441338549,0.0015106696195379928
1.613e-10,0.6659066441338549,0.0015106696195379928
1.614e-10,0.6659066441338549,0.0015106696195379928
1.615e-10,0.6659066441338549,0.0015106696195379928
1.616e-10,0.6659066441338549,0.0015106696195379928
1.617e-10,0.6659066441338549,0.0015106696195379928
1.618e-10,0.6659066441338549,0.0015106696195379928
1.619e-10,0.6659066441338549,0.0015106696195379928
1.62e-10,0.6659066441338549,0.0015106696195379928
1.621e-10,0.6659066441338549,0.0015106696195379928
1.622e-10,0.6659066441338549,0.0015106696195379928
1.623e-10,0.6659066441338549,0.0015106696195379928
1.624e-10,0.6659066441338549,0.0015106696195379928
1.625e-10,0.6659066441338549,0.0015106696195379928
1.626e-10,0.6659066441338549,0.0015106696195379928
1.627e-10,0.6659066441338549,0.0015106696195379928
1.628e-10,0.6659066441338549,0.0015106696195379928
1.629e-10,0.6659066441338549,0.0015106696195379928
1.63e-10,0.6659066441338549,0.0015106696195379928
1.631e-10,0.6659066441338549,0.0015106696195379928
1.632e-10,0.6659066441338549,0.0015106696195379928
1.633e-10,0.6659066441338549,0.0015106696195379928
1.634e-10,0.6659066441338549,0.0015106696195379928
1.635e-10,0.6659066441338549,0.0015106696195379928
1.636e-10,0.6659066441338549,0.0015106696195379928
1.637e-10,0.6659066441338549,0.0015106696195379928
1.638e-10,0.6659066441338549,0.0015106696195379928
1.639e-10,0.6659066441338549,0.0015106696195379928
1.64e-10,0.6659066441338549,0.0015106696195379928
1.641e-10,0.6659066441338549,0.0015106696195379928
1.642e-10,0.6659066441338549,0.0015106696195379928
1.643e-10,0.6659066441338549,0.0015106696195379928
1.644e-10,0.6659066441338549,0.0015106696195379928
1.645e-10,0.6659066441338549,0.0015106696195379928
1.646e-10,0.6659066441338549,0.0015106696195379928
1.647e-10,0.6659066441338549,0.0015106696195379928
1.648e-10,0.6659066441338549,0.0015106696195379928
1.649e-10,0.6659066441338549,0.0015106696195379928
1.65e-10,0.6659066441338549,0.0015106696195379928
1.651e-10,0.6659066441338549,0.0015106696195379928
1.652e-10,0.6659066441338549,0.0015106696195379928
1.653e-10,0.6659066441338549,0.0015106696195379928
1.654e-10,0.6659066441338549,0.0015106696195379928
1.655e-10,0.6659066441338549,0.0015106696195379928
1.656e-10,0.6659066441338549,0.0015106696195379928
1.657e-10,0.6659066441338549,0.0015106696195379928
1.658e-10,0.6659066441338549,0.0015106696195379928
1.659e-10,0.6659066441338549,0.0015106696195379928
1.66e-10,0.6659066441338549,0.0015106696195379928
1.661e-10,0.6659066441338549,0.0015106696195379928
1.662e-10,0.6659066441338549,0.0015106696195379928
1.663e-10,0.6659066441338549,0.0015106696195379928
1.664e-10,0.6659066441338549,0.0015106696195379928
1.665e-10,0.6659066441338549,0.0015106696195379928
1.666e-10,0.6659066441338549,0.0015106696195379928
1.667e-10,0.6659066441338549,0.0015106696195379928
1.668e-10,0.6659066441338549,0.0015106696195379928
1.669e-10,0.6659066441338549,0.0015106696195379928
1.67e-10,0.6659066441338549,0.0015106696195379928
1.671e-10,0.6659066441338549,0.0015106696195379928
1.672e-10,0.6659066441338549,0.0015106696195379928
1.673e-10,0.6659066441338549,0.0015106696195379928
1.674e-10,0.6659066441338549,0.0015106696195379928
1.675e-10,0.6659066441338549,0.0015106696195379928
1.676e-10,0.6659066441338549,0.0015106696195379928
1.677e-10,0.6659066441338549,0.0015106696195379928
1.678e-10,0.6659066441338549,0.0015106696195379928
1.679e-10,0.6659066441338549,0.0015106696195379928
1.68e-10,0.6659066441338549,0.0015106696195379928
1.681e-10,0.6659066441338549,0.0015106696195379928
1.682e-10,0.6659066441338549,0.0015106696195379928
1.683e-10,0.6659066441338549,0.0015106696195379928
1.684e-10,0.6659066441338549,0.0015106696195379928
1.685e-10,0.6659066441338549,0.0015106696195379928
1.686e-10,0.6659066441338549,0.0015106696195379928
1.687e-10,0.6659066441338549,0.0015106696195379928
1.688e-10,0.6659066441338549,0.0015106696195379928
1.689e-10,0.6659066441338549,0.0015106696195379928
1.69e-10,0.6659066441338549,0.0015106696195379928
1.691e-10,0.6659066441338549,0.0015106696195379928
1.692e-10,0.6659066441338549,0.0015106696195379928
1.693e-10,0.6659066441338549,0.0015106696195379928
1.694e-10,0.6659066441338549,0.0015106696195379928
1.695e-10,0.6659066441338549,0.0015106696195379928
1.696e-10,0.6659066441338549,0.0015106696195379928
1.697e-10,0.6659066441338549,0.0015106696195379928
1.698e-10,0.6659066441338549,0.0015106696195379928
1.699e-10,0.6659066441338549,0.0015106696195379928
1.7e-10,0.6659066441338549,0.0015106696195379928
1.701e-10,0.6659066441338549,0.0015106696195379928
1.702e-10,0.6659066441338549,0.0015106696195379928
1.703e-10,0.6659066441338549,0.0015106696195379928
1.704e-10,0.6659066441338549,0.0015106696195379928
1.705e-10,0.6659066441338549,0.0015106696195379928
1.706e-10,0.6659066441338549,0.0015106696195379928
1.707e-10,0.6659066441338549,0.0015106696195379928
1.708e-10,0.6659066441338549,0.0015106696195379928
1.709e-10,0.6659066441338549,0.0015106696195379928
1.71e-10,0.6659066441338549,0.0015106696195379928
1.711e-10,0.6659066441338549,0.0015106696195379928
1.712e-10,0.6659066441338549,0.0015106696195379928
1.713e-10,0.6659066441338549,0.0015106696195379928
1.714e-10,0.6659066441338549,0.0015106696195379928
1.715e-10,0.6659066441338549,0.0015106696195379928
1.716e-10,0.6659066441338549,0.0015106696195379928
1.717e-10,0.6659066441338549,0.0015106696195379928
1.718e-10,0.6659066441338549,0.0015106696195379928
1.719e-10,0.6659066441338549,0.0015106696195379928
1.72e-10,0.6659066441338549,0.0015106696195379928
1.721e-10,0.6659066441338549,0.0015106696195379928
1.722e-10,0.6659066441338549,0.0015106696195379928
1.723e-10,0.6659066441338549,0.0015106696195379928
1.724e-10,0.6659066441338549,0.0015106696195379928
1.725e-10,0.6659066441338549,0.0015106696195379928
1.726e-10,0.6659066441338549,0.0015106696195379928
1.727e-10,0.6659066441338549,0.0015106696195379928
1.728e-10,0.6659066441338549,0.0015106696195379928
1.729e-10,0.6659066441338549,0.0015106696195379928
1.73e-10,0.6659066441338549,0.0015106696195379928
1.731e-10,0.6659066441338549,0.0015106696195379928
1.732e-10,0.6659066441338549,0.0015106696195379928
1.733e-10,0.6659066441338549,0.0015106696195379928
1.734e-10,0.6659066441338549,0.0015106696195379928
1.735e-10,0.6659066441338549,0.0015106696195379928
1.736e-10,0.6659066441338549,0.0015106696195379928
1.737e-10,0.6659066441338549,0.0015106696195379928
1.738e-10,0.6659066441338549,0.0015106696195379928
1.739e-10,0.6659066441338549,0.0015106696195379928
1.74e-10,0.6659066441338549,0.0015106696195379928
1.741e-10,0.6659066441338549,0.0015106696195379928
1.742e-10,0.6659066441338549,0.0015106696195379928
1.743e-10,0.6659066441338549,0.0015106696195379928
1.744e-10,0.6659066441338549,0.0015106696195379928
1.745e-10,0.6659066441338549,0.0015106696195379928
1.746e-10,0.6659066441338549,0.0015106696195379928
1.747e-10,0.6659066441338549,0.0015106696195379928
1.748e-10,0.6659066441338549,0.0015106696195379928
1.749e-10,0.6659066441338549,0.0015106696195379928
1.75e-10,0.6659066441338549,0.0015106696195379928
1.751e-10,0.6659066441338549,0.0015106696195379928
1.752e-10,0.6659066441338549,0.0015106696195379928
1.753e-10,0.6659066441338549,0.0015106696195379928
1.754e-10,0.6659066441338549,0.0015106696195379928
1.755e-10,0.6659066441338549,0.0015106696195379928
1.756e-10,0.6659066441338549,0.0015106696195379928
1.757e-10,0.6659066441338549,0.0015106696195379928
1.758e-10,0.6659066441338549,0.0015106696195379928
1.759e-10,0.6659066441338549,0.0015106696195379928
1.76e-10,0.6659066441338549,0.0015106696195379928
1.761e-10,0.6659066441338549,0.0015106696195379928
1.762e-10,0.6659066441338549,0.0015106696195379928
1.763e-10,0.6659066441338549,0.0015106696195379928
1.764e-10,0.6659066441338549,0.0015106696195379928
1.765e-10,0.6659066441338549,0.0015106696195379928
1.766e-10,0.6659066441338549,0.0015106696195379928
1.767e-10,0.6659066441338549,0.0015106696195379928
1.768e-10,0.6659066441338549,0.0015106696195379928
1.769e-10,0.6659066441338549,0.0015106696195379928
1.77e-10,0.6659066441338549,0.0015106696195379928
1.771e-10,0.6659066441338549,0.0015106696195379928
1.772e-10,0.6659066441338549,0.0015106696195379928
1.773e-10,0.6659066441338549,0.0015106696195379928
1.774e-10,0.6659066441338549,0.0015106696195379928
1.775e-10,0.6659066441338549,0.0015106696195379928
1.776e-10,0.6659066441338549,0.0015106696195379928
1.777e-10,0.6659066441338549,0.0015106696195379928
1.778e-10,0.6659066441338549,0.0015106696195379928
1.779e-10,0.6659066441338549,0.0015106696195379928
1.78e-10,0.6659066441338549,0.0015106696195379928
1.781e-10,0.6659066441338549,0.0015106696195379928
1.782e-10,0.6659066441338549,0.0015106696195379928
1.783e-10,0.6659066441338549,0.0015106696195379928
1.784e-10,0.6659066441338549,0.0015106696195379928
1.785e-10,0.6659066441338549,0.0015106696195379928
1.786e-10,0.6659066441338549,0.0015106696195379928
1.787e-10,0.6659066441338549,0.0015106696195379928
1.788e-10,0.6659066441338549,0.0015106696195379928
1.789e-10,0.6659066441338549,0.0015106696195379928
1.79e-10,0.6659066441338549,0.0015106696195379928
1.791e-10,0.6659066441338549,0.0015106696195379928
1.792e-10,0.6659066441338549,0.0015106696195379928
1.793e-10,0.6659066441338549,0.0015106696195379928
1.794e-10,0.6659066441338549,0.0015106696195379928
1.795e-10,0.6659066441338549,0.0015106696195379928
1.796e-10,0.6659066441338549,0.0015106696195379928
1.797e-10,0.6659066441338549,0.0015106696195379928
1.798e-10,0.6659066441338549,0.0015106696195379928
1.799e-10,0.6659066441338549,0.0015106696195379928
1.8e-10,0.6659066441338549,0.0015106696195379928
1.801e-10,0.6659066441338549,0.0015106696195379928
1.802e-10,0.6659066441338549,0.0015106696195379928
1.803e-10,0.6659066441338549,0.0015106696195379928
1.804e-10,0.6659066441338549,0.0015106696195379928
1.805e-10,0.6659066441338549,0.0015106696195379928
1.806e-10,0.6659066441338549,0.0015106696195379928
1.807e-10,0.6659066441338549,0.0015106696195379928
1.808e-10,0.6659066441338549,0.0015106696195379928
1.809e-10,0.6659066441338549,0.0015106696195379928
1.81e-10,0.6659066441338549,0.0015106696195379928
1.811e-10,0.6659066441338549,0.0015106696195379928
1.812e-10,0.6659066441338549,0.0015106696195379928
1.813e-10,0.6659066441338549,0.0015106696195379928
1.814e-10,0.6659066441338549,0.0015106696195379928
1.815e-10,0.6659066441338549,0.0015106696195379928
1.816e-10,0.6659066441338549,0.0015106696195379928
1.817e-10,0.6659066441338549,0.0015106696195379928
1.818e-10,0.6659066441338549,0.0015106696195379928
1.819e-10,0.6659066441338549,0.0015106696195379928
1.82e-10,0.6659066441338549,0.0015106696195379928
1.821e-10,0.6659066441338549,0.0015106696195379928
1.822e-10,0.6659066441338549,0.0015106696195379928
1.823e-10,0.6659066441338549,0.0015106696195379928
1.824e-10,0.6659066441338549,0.0015106696195379928
1.825e-10,0.6659066441338549,0.0015106696195379928
1.826e-10,0.6659066441338549,0.0015106696195379928
1.827e-10,0.6659066441338549,0.0015106696195379928
1.828e-10,0.6659066441338549,0.0015106696195379928
1.829e-10,0.6659066441338549,0.0015106696195379928
1.83e-10,0.6659066441338549,0.0015106696195379928
1.831e-10,0.6659066441338549,0.0015106696195379928
1.832e-10,0.6659066441338549,0.0015106696195379928
1.833e-10,0.6659066441338549,0.0015106696195379928
1.834e-10,0.6659066441338549,0.0015106696195379928
1.835e-10,0.6659066441338549,0.0015106696195379928
1.836e-10,0.6659066441338549,0.0015106696195379928
1.837e-10,0.6659066441338549,0.0015106696195379928
1.838e-10,0.6659066441338549,0.0015106696195379928
1.839e-10,0.6659066441338549,0.0015106696195379928
1.84e-10,0.6659066441338549,0.0015106696195379928
1.841e-10,0.6659066441338549,0.0015106696195379928
1.842e-10,0.6659066441338549,0.0015106696195379928
1.843e-10,0.6659066441338549,0.0015106696195379928
1.844e-10,0.6659066441338549,0.0015106696195379928
1.845e-10,0.6659066441338549,0.0015106696195379928
1.846e-10,0.6659066441338549,0.0015106696195379928
1.847e-10,0.6659066441338549,0.0015106696195379928
1.848e-10,0.6659066441338549,0.0015106696195379928
1.849e-10,0.6659066441338549,0.0015106696195379928
1.85e-10,0.6659066441338549,0.0015106696195379928
1.851e-10,0.6659066441338549,0.0015106696195379928
1.852e-10,0.6659066441338549,0.0015106696195379928
1.853e-10,0.6659066441338549,0.0015106696195379928
1.854e-10,0.6659066441338549,0.0015106696195379928
1.855e-10,0.6659066441338549,0.0015106696195379928
1.856e-10,0.6659066441338549,0.0015106696195379928
1.857e-10,0.6659066441338549,0.0015106696195379928
1.858e-10,0.6659066441338549,0.0015106696195379928
1.859e-10,0.6659066441338549,0.0015106696195379928
1.86e-10,0.6659066441338549,0.0015106696195379928
1.861e-10,0.6659066441338549,0.0015106696195379928
1.862e-10,0.6659066441338549,0.0015106696195379928
1.863e-10,0.6659066441338549,0.0015106696195379928
1.864e-10,0.6659066441338549,0.0015106696195379928
1.865e-10,0.6659066441338549,0.0015106696195379928
1.866e-10,0.6659066441338549,0.0015106696195379928
1.867e-10,0.6659066441338549,0.0015106696195379928
1.868e-10,0.6659066441338549,0.0015106696195379928
1.869e-10,0.6659066441338549,0.0015106696195379928
1.87e-10,0.6659066441338549,0.0015106696195379928
1.871e-10,0.6659066441338549,0.0015106696195379928
1.872e-10,0.6659066441338549,0.0015106696195379928
1.873e-10,0.6659066441338549,0.0015106696195379928
1.874e-10,0.6659066441338549,0.0015106696195379928
1.875e-10,0.6659066441338549,0.0015106696195379928
1.876e-10,0.6659066441338549,0.0015106696195379928
1.877e-10,0.6659066441338549,0.0015106696195379928
1.878e-10,0.6659066441338549,0.0015106696195379928
1.879e-10,0.6659066441338549,0.0015106696195379928
1.88e-10,0.6659066441338549,0.0015106696195379928
1.881e-10,0.6659066441338549,0.0015106696195379928
1.882e-10,0.6659066441338549,0.0015106696195379928
1.883e-10,0.6659066441338549,0.0015106696195379928
1.884e-10,0.6659066441338549,0.0015106696195379928
1.885e-10,0.6659066441338549,0.0015106696195379928
1.886e-10,0.6659066441338549,0.0015106696195379928
1.887e-10,0.6659066441338549,0.0015106696195379928
1.888e-10,0.6659066441338549,0.0015106696195379928
1.889e-10,0.6659066441338549,0.0015106696195379928
1.89e-10,0.6659066441338549,0.0015106696195379928
1.891e-10,0.6659066441338549,0.0015106696195379928
1.892e-10,0.6659066441338549,0.0015106696195379928
1.893e-10,0.6659066441338549,0.0015106696195379928
1.894e-10,0.6659066441338549,0.0015106696195379928
1.895e-10,0.6659066441338549,0.0015106696195379928
1.896e-10,0.6659066441338549,0.0015106696195379928
1.897e-10,0.6659066441338549,0.0015106696195379928
1.898e-10,0.6659066441338549,0.0015106696195379928
1.899e-10,0.6659066441338549,0.0015106696195379928
1.9e-10,0.6659066441338549,0.0015106696195379928
1.901e-10,0.6659066441338549,0.0015106696195379928
1.902e-10,0.6659066441338549,0.0015106696195379928
1.903e-10,0.6659066441338549,0.0015106696195379928
1.904e-10,0.6659066441338549,0.0015106696195379928
1.905e-10,0.6659066441338549,0.0015106696195379928
1.906e-10,0.6659066441338549,0.0015106696195379928
1.907e-10,0.6659066441338549,0.0015106696195379928
1.908e-10,0.6659066441338549,0.0015106696195379928
1.909e-10,0.6659066441338549,0.0015106696195379928
1.91e-10,0.6659066441338549,0.0015106696195379928
1.911e-10,0.6659066441338549,0.0015106696195379928
1.912e-10,0.6659066441338549,0.0015106696195379928
1.913e-10,0.6659066441338549,0.0015106696195379928
1.914e-10,0.6659066441338549,0.0015106696195379928
1.915e-10,0.6659066441338549,0.0015106696195379928
1.916e-10,0.6659066441338549,0.0015106696195379928
1.917e-10,0.6659066441338549,0.0015106696195379928
1.918e-10,0.6659066441338549,0.0015106696195379928
1.919e-10,0.6659066441338549,0.0015106696195379928
1.92e-10,0.6659066441338549,0.0015106696195379928
1.921e-10,0.6659066441338549,0.0015106696195379928
1.922e-10,0.6659066441338549,0.0015106696195379928
1.923e-10,0.6659066441338549,0.0015106696195379928
1.924e-10,0.6659066441338549,0.0015106696195379928
1.925e-10,0.6659066441338549,0.0015106696195379928
1.926e-10,0.6659066441338549,0.0015106696195379928
1.927e-10,0.6659066441338549,0.0015106696195379928
1.928e-10,0.6659066441338549,0.0015106696195379928
1.929e-10,0.6659066441338549,0.0015106696195379928
1.93e-10,0.6659066441338549,0.0015106696195379928
1.931e-10,0.6659066441338549,0.0015106696195379928
1.932e-10,0.6659066441338549,0.0015106696195379928
1.933e-10,0.6659066441338549,0.0015106696195379928
1.934e-10,0.6659066441338549,0.0015106696195379928
1.935e-10,0.6659066441338549,0.0015106696195379928
1.936e-10,0.6659066441338549,0.0015106696195379928
1.937e-10,0.6659066441338549,0.0015106696195379928
1.938e-10,0.6659066441338549,0.0015106696195379928
1.939e-10,0.6659066441338549,0.0015106696195379928
1.94e-10,0.6659066441338549,0.0015106696195379928
1.941e-10,0.6659066441338549,0.0015106696195379928
1.942e-10,0.6659066441338549,0.0015106696195379928
1.943e-10,0.6659066441338549,0.0015106696195379928
1.944e-10,0.6659066441338549,0.0015106696195379928
1.945e-10,0.6659066441338549,0.0015106696195379928
1.946e-10,0.6659066441338549,0.0015106696195379928
1.947e-10,0.6659066441338549,0.0015106696195379928
1.948e-10,0.6659066441338549,0.0015106696195379928
1.949e-10,0.6659066441338549,0.0015106696195379928
1.95e-10,0.6659066441338549,0.0015106696195379928
1.951e-10,0.6659066441338549,0.0015106696195379928
1.952e-10,0.6659066441338549,0.0015106696195379928
1.953e-10,0.6659066441338549,0.0015106696195379928
1.954e-10,0.6659066441338549,0.0015106696195379928
1.955e-10,0.6659066441338549,0.0015106696195379928
1.956e-10,0.6659066441338549,0.0015106696195379928
1.957e-10,0.6659066441338549,0.0015106696195379928
1.958e-10,0.6659066441338549,0.0015106696195379928
1.959e-10,0.6659066441338549,0.0015106696195379928
1.96e-10,0.6659066441338549,0.0015106696195379928
1.961e-10,0.6659066441338549,0.0015106696195379928
1.962e-10,0.6659066441338549,0.0015106696195379928
1.963e-10,0.6659066441338549,0.0015106696195379928
1.964e-10,0.6659066441338549,0.0015106696195379928
1.965e-10,0.6659066441338549,0.0015106696195379928
1.966e-10,0.6659066441338549,0.0015106696195379928
1.967e-10,0.6659066441338549,0.0015106696195379928
1.968e-10,0.6659066441338549,0.0015106696195379928
1.969e-10,0.6659066441338549,0.0015106696195379928
1.97e-10,0.6659066441338549,0.0015106696195379928
1.971e-10,0.6659066441338549,0.0015106696195379928
1.972e-10,0.6659066441338549,0.0015106696195379928
1.973e-10,0.6659066441338549,0.0015106696195379928
1.974e-10,0.6659066441338549,0.0015106696195379928
1.975e-10,0.6659066441338549,0.0015106696195379928
1.976e-10,0.6659066441338549,0.0015106696195379928
1.977e-10,0.6659066441338549,0.0015106696195379928
1.978e-10,0.6659066441338549,0.0015106696195379928
1.979e-10,0.6659066441338549,0.0015106696195379928
1.98e-10,0.6659066441338549,0.0015106696195379928
1.981e-10,0.6659066441338549,0.0015106696195379928
1.982e-10,0.6659066441338549,0.0015106696195379928
1.983e-10,0.6659066441338549,0.0015106696195379928
1.984e-10,0.6659066441338549,0.0015106696195379928
1.985e-10,0.6659066441338549,0.0015106696195379928
1.986e-10,0.6659066441338549,0.0015106696195379928
1.987e-10,0.6659066441338549,0.0015106696195379928
1.988e-10,0.6659066441338549,0.0015106696195379928
1.989e-10,0.6659066441338549,0.0015106696195379928
1.99e-10,0.6659066441338549,0.0015106696195379928
1.991e-10,0.6659066441338549,0.0015106696195379928
1.992e-10,0.6659066441338549,0.0015106696195379928
1.993e-10,0.6659066441338549,0.0015106696195379928
1.994e-10,0.6659066441338549,0.0015106696195379928
1.995e-10,0.6659066441338549,0.0015106696195379928
1.996e-10,0.6659066441338549,0.0015106696195379928
1.997e-10,0.6659066441338549,0.0015106696195379928
1.998e-10,0.6659066441338549,0.0015106696195379928
1.999e-10,0.6659066441338549,0.0015106696195379928
2e-10,0.6659066441338549,0.0015106696195379928
2.001e-10,0.6659066441338549,0.0015106696195379928
2.002e-10,0.6659066441338549,0.0015106696195379928
2.003e-10,0.6659066441338549,0.0015106696195379928
2.004e-10,0.6659066441338549,0.0015106696195379928
2.005e-10,0.6659066441338549,0.0015106696195379928
2.006e-10,0.6659066441338549,0.0015106696195379928
2.007e-10,0.6659066441338549,0.0015106696195379928
2.008e-10,0.6659066441338549,0.0015106696195379928
2.009e-10,0.6659066441338549,0.0015106696195379928
2.01e-10,0.6659066441338549,0.0015106696195379928
2.011e-10,0.6659066441338549,0.0015213376674539216
2.012e-10,0.6659066441338549,0.0015280553630305754
2.013e-10,0.6659066441338549,0.0015317234309537146
2.014e-10,0.6659066441338549,0.0015329637733667132
2.015e-10,0.6659066441338549,0.001532240363149478
2.016e-10,0.6659066441338549,0.0015298915182494954
2.017e-10,0.6659066441338549,0.001526183537875071
2.018e-10,0.6659066441338549,0.0015213332134023365
2.019e-10,0.6659066441338549,0.0015155216352032398
2.02e-10,0.6659066441338549,0.0015089029073432948
2.021e-10,0.6659066441338549,0.0015016098542355704
2.022e-10,0.6659066441338549,0.0014937579246829845
2.023e-10,0.6659066441338549,0.0014854479933494424
2.024e-10,0.6659066441338549,0.0014767684687621884
2.025e-10,0.6659066441338549,0.0014677969492088
2.026e-10,0.6659066441338549,0.0014586015709374797
2.027e-10,0.6659066441338549,0.0014492421368015804
2.028e-10,0.6659066441338549,0.0014397710806297944
2.029e-10,0.6659066441338549,0.0014302008666915523
2.03e-10,0.6659066441338549,0.001420571559716024
2.031e-10,0.6659066441338549,0.0014109234112343987
2.032e-10,0.6659066441338549,0.0014012911020355884
2.033e-10,0.6659066441338549,0.0013917045333227942
2.034e-10,0.6659066441338549,0.0013917045333227942
2.035e-10,0.6659066441338549,0.0013819313793439765
2.036e-10,0.6659066441338549,0.0013819313793439765
2.037e-10,0.6659066441338549,0.0013720792296700167
2.038e-10,0.6659066441338549,0.0013720792296700167
2.039e-10,0.6659066441338549,0.0013622296053129924
2.04e-10,0.6659066441338549,0.0013622296053129924
2.041e-10,0.6659066441338549,0.0013524446936771359
2.042e-10,0.6659066441338549,0.0013524446936771359
2.043e-10,0.6659066441338549,0.0013524446936771359
2.044e-10,0.6659066441338549,0.0013427269126543551
2.045e-10,0.6659066441338549,0.0013427269126543551
2.046e-10,0.6659066441338549,0.0013427269126543551
2.047e-10,0.6659066441338549,0.0013331966868127879
2.048e-10,0.6659066441338549,0.0013331966868127879
2.049e-10,0.6659066441338549,0.0013331966868127879
2.05e-10,0.6659066441338549,0.0013331966868127879
2.051e-10,0.6659066441338549,0.0013238509602145978
2.052e-10,0.6659066441338549,0.0013238509602145978
2.053e-10,0.6659066441338549,0.0013238509602145978
2.054e-10,0.6659066441338549,0.0013238509602145978
2.055e-10,0.6659066441338549,0.001314732177236224
2.056e-10,0.6659066441338549,0.001314732177236224
2.057e-10,0.6659066441338549,0.001314732177236224
2.058e-10,0.6659066441338549,0.001314732177236224
2.059e-10,0.6659066441338549,0.001314732177236224
2.06e-10,0.6659066441338549,0.0013057301886479841
2.061e-10,0.6659066441338549,0.0013057301886479841
2.062e-10,0.6659066441338549,0.0013057301886479841
2.063e-10,0.6659066441338549,0.0013057301886479841
2.064e-10,0.6659066441338549,0.0013057301886479841
2.065e-10,0.6659066441338549,0.0013057301886479841
2.066e-10,0.6659066441338549,0.0013057301886479841
2.067e-10,0.6659066441338549,0.001296814283371453
2.068e-10,0.6659066441338549,0.001296814283371453
2.069e-10,0.6659066441338549,0.001296814283371453
2.07e-10,0.6659066441338549,0.001296814283371453
2.071e-10,0.6659066441338549,0.001296814283371453
2.072e-10,0.6659066441338549,0.001296814283371453
2.073e-10,0.6659066441338549,0.001296814283371453
2.074e-10,0.6659066441338549,0.001296814283371453
2.075e-10,0.6659066441338549,0.001296814283371453
2.076e-10,0.6659066441338549,0.0012882680355875641
2.077e-10,0.6659066441338549,0.0012882680355875641
2.078e-10,0.6659066441338549,0.0012882680355875641
2.079e-10,0.6659066441338549,0.0012882680355875641
2.08e-10,0.6659066441338549,0.0012882680355875641
2.081e-10,0.6659066441338549,0.0012882680355875641
2.082e-10,0.6659066441338549,0.0012801320254753395
2.083e-10,0.6659066441338549,0.0012801320254753395
2.084e-10,0.6659066441338549,0.0012801320254753395
2.085e-10,0.6659066441338549,0.0012801320254753395
2.086e-10,0.6659066441338549,0.0012801320254753395
2.087e-10,0.6659066441338549,0.0012722518267438503
2.088e-10,0.6659066441338549,0.0012722518267438503
2.089e-10,0.6659066441338549,0.0012722518267438503
2.09e-10,0.6659066441338549,0.0012722518267438503
2.091e-10,0.6659066441338549,0.0012722518267438503
2.092e-10,0.6659066441338549,0.0012722518267438503
2.093e-10,0.6659066441338549,0.0012722518267438503
2.094e-10,0.6659066441338549,0.0012644341626193926
2.095e-10,0.6659066441338549,0.0012644341626193926
2.096e-10,0.6659066441338549,0.0012644341626193926
2.097e-10,0.6659066441338549,0.0012644341626193926
2.098e-10,0.6659066441338549,0.0012644341626193926
2.099e-10,0.6659066441338549,0.0012644341626193926
2.1e-10,0.6659066441338549,0.0012644341626193926
2.101e-10,0.6659066441338549,0.0012644341626193926
2.102e-10,0.6659066441338549,0.0012644341626193926
2.103e-10,0.6659066441338549,0.0012569588902695066
2.104e-10,0.6659066441338549,0.0012569588902695066
2.105e-10,0.6659066441338549,0.0012569588902695066
2.106e-10,0.6659066441338549,0.0012569588902695066
2.107e-10,0.6659066441338549,0.0012569588902695066
2.108e-10,0.6659066441338549,0.0012499333881008461
2.109e-10,0.6659066441338549,0.0012499333881008461
2.11e-10,0.6659066441338549,0.0012499333881008461
2.111e-10,0.6659066441338549,0.0012499333881008461
2.112e-10,0.6659066441338549,0.0012432590312915293
2.113e-10,0.6659066441338549,0.0012432590312915293
2.114e-10,0.6659066441338549,0.0012432590312915293
2.115e-10,0.6659066441338549,0.0012432590312915293
2.116e-10,0.6659066441338549,0.0012367139165135616
2.117e-10,0.6659066441338549,0.0012367139165135616
2.118e-10,0.6659066441338549,0.0012367139165135616
2.119e-10,0.6659066441338549,0.0012367139165135616
2.12e-10,0.6659066441338549,0.0012367139165135616
2.121e-10,0.6659066441338549,0.0012301250920759373
2.122e-10,0.6659066441338549,0.0012301250920759373
2.123e-10,0.6659066441338549,0.0012301250920759373
2.124e-10,0.6659066441338549,0.0012301250920759373
2.125e-10,0.6659066441338549,0.0012301250920759373
2.126e-10,0.6659066441338549,0.0012301250920759373
2.127e-10,0.6659066441338549,0.0012301250920759373
2.128e-10,0.6659066441338549,0.0012301250920759373
2.129e-10,0.6659066441338549,0.0012301250920759373
2.13e-10,0.6659066441338549,0.0012235207355676934
2.131e-10,0.6659066441338549,0.0012235207355676934
2.132e-10,0.6659066441338549,0.0012235207355676934
2.133e-10,0.6659066441338549,0.0012235207355676934
2.134e-10,0.6659066441338549,0.0012235207355676934
2.135e-10,0.6659066441338549,0.0012235207355676934
2.136e-10,0.6659066441338549,0.0012235207355676934
2.137e-10,0.6659066441338549,0.0012235207355676934
2.138e-10,0.6659066441338549,0.0012235207355676934
2.139e-10,0.6659066441338549,0.0012172379610133576
2.14e-10,0.6659066441338549,0.0012172379610133576
2.141e-10,0.6659066441338549,0.0012172379610133576
2.142e-10,0.6659066441338549,0.0012172379610133576
2.143e-10,0.6659066441338549,0.0012172379610133576
2.144e-10,0.6659066441338549,0.0012172379610133576
2.145e-10,0.6659066441338549,0.0012172379610133576
2.146e-10,0.6659066441338549,0.0012172379610133576
2.147e-10,0.6659066441338549,0.0012172379610133576
2.148e-10,0.6659066441338549,0.0012172379610133576
2.149e-10,0.6659066441338549,0.001210850865796049
2.15e-10,0.6659066441338549,0.001210850865796049
2.151e-10,0.6659066441338549,0.001210850865796049
2.152e-10,0.6659066441338549,0.001210850865796049
2.153e-10,0.6659066441338549,0.001210850865796049
2.154e-10,0.6659066441338549,0.001210850865796049
2.155e-10,0.6659066441338549,0.001210850865796049
2.156e-10,0.6659066441338549,0.001210850865796049
2.157e-10,0.6659066441338549,0.001210850865796049
2.158e-10,0.6659066441338549,0.001210850865796049
2.159e-10,0.6659066441338549,0.001210850865796049
2.16e-10,0.6659066441338549,0.001210850865796049
2.161e-10,0.6659066441338549,0.001210850865796049
2.162e-10,0.6659066441338549,0.001210850865796049
2.163e-10,0.6659066441338549,0.001210850865796049
2.164e-10,0.6659066441338549,0.001210850865796049
2.165e-10,0.6659066441338549,0.001210850865796049
2.166e-10,0.6659066441338549,0.001210850865796049
2.167e-10,0.6659066441338549,0.001210850865796049
2.168e-10,0.6659066441338549,0.001210850865796049
2.169e-10,0.6659066441338549,0.001210850865796049
2.17e-10,0.6659066441338549,0.001210850865796049
2.171e-10,0.6659066441338549,0.001210850865796049
2.172e-10,0.6659066441338549,0.001210850865796049
2.173e-10,0.6659066441338549,0.001210850865796049
2.174e-10,0.6659066441338549,0.001210850865796049
2.175e-10,0.6659066441338549,0.001210850865796049
2.176e-10,0.6659066441338549,0.001210850865796049
2.177e-10,0.6659066441338549,0.001210850865796049
2.178e-10,0.6659066441338549,0.001210850865796049
2.179e-10,0.6659066441338549,0.001210850865796049
2.18e-10,0.6659066441338549,0.0012042727026005643
2.181e-10,0.6659066441338549,0.0012042727026005643
2.182e-10,0.6659066441338549,0.0012042727026005643
2.183e-10,0.6659066441338549,0.0012042727026005643
2.184e-10,0.6659066441338549,0.0012042727026005643
2.185e-10,0.6659066441338549,0.0012042727026005643
2.186e-10,0.6659066441338549,0.0012042727026005643
2.187e-10,0.6659066441338549,0.0012042727026005643
2.188e-10,0.6659066441338549,0.0011978696742019903
2.189e-10,0.6659066441338549,0.0011978696742019903
2.19e-10,0.6659066441338549,0.0011978696742019903
2.191e-10,0.6659066441338549,0.0011978696742019903
2.192e-10,0.6659066441338549,0.0011978696742019903
2.193e-10,0.6659066441338549,0.0011978696742019903
2.194e-10,0.6659066441338549,0.0011978696742019903
2.195e-10,0.6659066441338549,0.0011978696742019903
2.196e-10,0.6659066441338549,0.0011978696742019903
2.197e-10,0.6659066441338549,0.001191826032578048
2.198e-10,0.6659066441338549,0.001191826032578048
2.199e-10,0.6659066441338549,0.001191826032578048
2.2e-10,0.6659066441338549,0.001191826032578048
2.201e-10,0.6659066441338549,0.001191826032578048
2.202e-10,0.6659066441338549,0.001191826032578048
2.203e-10,0.6659066441338549,0.001191826032578048
2.204e-10,0.6659066441338549,0.001191826032578048
2.205e-10,0.6659066441338549,0.001191826032578048
2.206e-10,0.6659066441338549,0.0011858526904582796
2.207e-10,0.6659066441338549,0.0011858526904582796
2.208e-10,0.6659066441338549,0.0011858526904582796
2.209e-10,0.6659066441338549,0.0011858526904582796
2.21e-10,0.6659066441338549,0.0011858526904582796
2.211e-10,0.6659909045503819,0.0011697326694212072
2.212e-10,0.6659909045503819,0.0011552631870519025
2.213e-10,0.6660726766073627,0.0011420654515578981
2.214e-10,0.6660726766073627,0.0011299055593259632
2.215e-10,0.6661519651959846,0.001118630655023201
2.216e-10,0.6661519651959846,0.0011081341051249098
2.217e-10,0.6662288188024224,0.0010983361023682045
2.218e-10,0.6662288188024224,0.0010891731493603018
2.219e-10,0.6663032982211079,0.0010805919707418754
2.22e-10,0.6663032982211079,0.0010725462921552487
2.221e-10,0.666375467507547,0.0010649947719577316
2.222e-10,0.666375467507547,0.001057899992148859
2.223e-10,0.6664453994338285,0.0010512543696881774
2.224e-10,0.6664453994338285,0.0010450411607045517
2.225e-10,0.6664453994338285,0.0010393156394060139
2.226e-10,0.6665132143781421,0.0010340338847618221
2.227e-10,0.6665132143781421,0.0010291708340604416
2.228e-10,0.6665132143781421,0.0010246683884540515
2.229e-10,0.6665132143781421,0.0010205300583650881
2.23e-10,0.6665789848337338,0.0010205300583650881
2.231e-10,0.6665789848337338,0.0010205300583650881
2.232e-10,0.6665789848337338,0.0010205300583650881
2.233e-10,0.6665789848337338,0.001016929993957021
2.234e-10,0.6665789848337338,0.001016929993957021
2.235e-10,0.6665789848337338,0.001016929993957021
2.236e-10,0.6665789848337338,0.001016929993957021
2.237e-10,0.6665789848337338,0.001016929993957021
2.238e-10,0.6666428568633658,0.001016929993957021
2.239e-10,0.6666428568633658,0.001016929993957021
2.24e-10,0.6666428568633658,0.001016929993957021
2.241e-10,0.6666428568633658,0.001016929993957021
2.242e-10,0.6666428568633658,0.001016929993957021
2.243e-10,0.6666428568633658,0.001016929993957021
2.244e-10,0.6666428568633658,0.0010144199344597135
2.245e-10,0.6666428568633658,0.0010144199344597135
2.246e-10,0.6666428568633658,0.0010144199344597135
2.247e-10,0.6667049180448338,0.0010144199344597135
2.248e-10,0.6667049180448338,0.0010144199344597135
2.249e-10,0.6667049180448338,0.0010121501701018472
2.25e-10,0.6667049180448338,0.0010121501701018472
2.251e-10,0.6667650345846682,0.0010121501701018472
2.252e-10,0.6667650345846682,0.0010121501701018472
2.253e-10,0.6667650345846682,0.0010103609337474854
2.254e-10,0.6668234070285193,0.0010103609337474854
2.255e-10,0.6668234070285193,0.0010087648918339696
2.256e-10,0.6668799821559965,0.0010087648918339696
2.257e-10,0.6668799821559965,0.001007288351815615
2.258e-10,0.6669348023655576,0.001007288351815615
2.259e-10,0.6669348023655576,0.0010058787877812905
2.26e-10,0.6669879125405855,0.0010058787877812905
2.261e-10,0.6669879125405855,0.0010044960037149454
2.262e-10,0.6670393585336029,0.0010044960037149454
2.263e-10,0.6670393585336029,0.001003108625155857
2.264e-10,0.6670891865063717,0.001003108625155857
2.265e-10,0.6670891865063717,0.0010016923236011949
2.266e-10,0.6671375205019959,0.0010016923236011949
2.267e-10,0.6671375205019959,0.0010007964124132869
2.268e-10,0.6671845032471289,0.0010007964124132869
2.269e-10,0.6671845032471289,0.0010002844305630801
2.27e-10,0.6672301293844094,0.0010002844305630801
2.271e-10,0.6672301293844094,0.0010000000481225305
2.272e-10,0.6672744109548994,0.0010000000481225305
2.273e-10,0.6672744109548994,0.0009998421592225743
2.274e-10,0.6673173680229557,0.0009998421592225743
2.275e-10,0.6673173680229557,0.0009997394658884523
2.276e-10,0.6673590250959095,0.0009997394658884523
2.277e-10,0.6673590250959095,0.000999639744894723
2.278e-10,0.6673994095651492,0.000999639744894723
2.279e-10,0.6673994095651492,0.0009995046073984456
2.28e-10,0.6674386178885332,0.0009995046073984456
2.281e-10,0.6674386178885332,0.0009999990801378494
2.282e-10,0.6674768770503667,0.0009999990801378494
2.283e-10,0.6674768770503667,0.0010009477615875193
2.284e-10,0.6675140283528475,0.0010009477615875193
2.285e-10,0.6675140283528475,0.0010019024537678183
2.286e-10,0.6675500681345642,0.0010019024537678183
2.287e-10,0.6675500681345642,0.001002831343938718
2.288e-10,0.6675850194037781,0.001002831343938718
2.289e-10,0.6675850194037781,0.0010036937334218404
2.29e-10,0.6676189292313388,0.0010036937334218404
2.291e-10,0.6676189292313388,0.0010046455720647183
2.292e-10,0.6676518610718026,0.0010046455720647183
2.293e-10,0.6676518610718026,0.0010056623108235393
2.294e-10,0.6676838554933997,0.0010056623108235393
2.295e-10,0.6676838554933997,0.0010072205251914282
2.296e-10,0.6677151577563883,0.0010072205251914282
2.297e-10,0.6677151577563883,0.0010093599125156848
2.298e-10,0.667745697838828,0.0010093599125156848
2.299e-10,0.667745697838828,0.0010118150843409736
2.3e-10,0.6677754509803212,0.0010118150843409736
2.301e-10,0.6677754509803212,0.0010144427926679126
2.302e-10,0.6678044124140332,0.0010144427926679126
2.303e-10,0.6678044124140332,0.0010171569305788078
2.304e-10,0.6678325875150555,0.0010198224283817703
2.305e-10,0.6678325875150555,0.0010224415661526855
2.306e-10,0.6678599877599116,0.0010250137055110593
2.307e-10,0.6678599877599116,0.0010275373459257692
2.308e-10,0.6678866289070438,0.0010300109253276993
2.309e-10,0.6679127131120929,0.0010331230581439974
2.31e-10,0.6679382429456651,0.0010367710528601326
2.311e-10,0.6679631931302212,0.0010407789406979592
2.312e-10,0.6679875516970959,0.0010450309957823272
2.313e-10,0.668011315254674,0.0010494483067681251
2.314e-10,0.6680344859735305,0.0010539749528779433
2.315e-10,0.6680570696731156,0.0010585698357380552
2.316e-10,0.668079074601435,0.0010632018062057835
2.317e-10,0.6681005106514629,0.001067846717403183
2.318e-10,0.668121772331621,0.0010736448704035616
2.319e-10,0.6681428246180257,0.0010803489233369786
2.32e-10,0.6681635686222293,0.001087553533528084
2.321e-10,0.6681839378626739,0.0010949907441193214
2.322e-10,0.6682038893702031,0.0011024841374991845
2.323e-10,0.6682232810832657,0.0011095363808932858
2.324e-10,0.6682418952687434,0.0011154233922805084
2.325e-10,0.6682598203410862,0.0011204611380021307
2.326e-10,0.6682771255049913,0.001124867231761021
2.327e-10,0.6682938656213158,0.0011287944220113324
2.328e-10,0.6683100847631384,0.0011323517360378986
2.329e-10,0.6683258188890904,0.0011356182825105403
2.33e-10,0.6683410978532187,0.0011386524328175693
2.331e-10,0.6683559469159429,0.0011414980392843747
2.332e-10,0.6683703878797767,0.0011441887166527514
2.333e-10,0.6683844399428618,0.0011467508333040085
2.334e-10,0.668398317427589,0.0011494082455624833
2.335e-10,0.6684119825452847,0.0011519459897279848
2.336e-10,0.6684253924468929,0.0011542247297886285
2.337e-10,0.6684385365907104,0.0011562208407354748
2.338e-10,0.6684514347635231,0.001158009967178203
2.339e-10,0.6684640633201636,0.001159515838407985
2.34e-10,0.668476264227672,0.00116022006525761
2.341e-10,0.6684879603137034,0.0011599057841503477
2.342e-10,0.6684991994026489,0.0011587765435108973
2.343e-10,0.6685100204610718,0.001156983123183254
2.344e-10,0.6685204555485071,0.0011546400719173605
2.345e-10,0.668530531437491,0.0011518367551750406
2.346e-10,0.6685403337346042,0.0011486934119677775
2.347e-10,0.6685502148108928,0.0011455376923148568
2.348e-10,0.6685601468392136,0.0011423260282300124
2.349e-10,0.6685700810164921,0.0011389503457187196
2.35e-10,0.6685799796747427,0.0011353469651143447
2.351e-10,0.6685898140400794,0.0011314823999228087
2.352e-10,0.6685995993420988,0.0011274676246761776
2.353e-10,0.6686093148117663,0.001123277653487906
2.354e-10,0.668618818166753,0.0011184765106771165
2.355e-10,0.668627904414593,0.001112446765557659
2.356e-10,0.6686366290241094,0.0011054881072291957
2.357e-10,0.6686450905672382,0.001097574469373875
2.358e-10,0.6686535256547977,0.0010879368382078754
2.359e-10,0.6686619020067346,0.001076827289855864
2.36e-10,0.6686702303501105,0.0010645756646440981
2.361e-10,0.6686785199715881,0.0010514409548398789
2.362e-10,0.6686867788973545,0.001037532040669319
2.363e-10,0.6686950139676888,0.0010224094367022392
2.364e-10,0.6687032303641939,0.0010062673956506578
2.365e-10,0.6687114335701829,0.0009892698245860573
2.366e-10,0.6687196469293823,0.0009716172649686589
2.367e-10,0.6687277735340891,0.0009522913122154247
2.368e-10,0.6687355613778534,0.0009290636091403192
2.369e-10,0.6687429493411331,0.0009023374757860063
2.37e-10,0.6687499210927109,0.0008725619914468496
2.371e-10,0.6687564613338706,0.0008407005436143716
2.372e-10,0.6687625513337978,0.0008073230150185105
2.373e-10,0.6687681766828173,0.00077274026236993
2.374e-10,0.6687733259213199,0.0007372154776664768
2.375e-10,0.6687779888209376,0.0007009684309647958
2.376e-10,0.6687821773159847,0.0006616612002378568
2.377e-10,0.6687858313210456,0.0006173823285368699
2.378e-10,0.6687888320714472,0.000569222996877794
2.379e-10,0.6687911018901577,0.0005181141736528626
2.38e-10,0.6687925711174927,0.0004647636831006919
2.381e-10,0.6687931766893127,0.0004097134570134368
2.382e-10,0.6687928619645178,0.00035338438297944855
2.383e-10,0.6687928619645178,0.0002961138701508303
2.384e-10,0.6687903805262035,0.00023754244908914517
2.385e-10,0.6687903805262035,0.0001702573621637591
2.386e-10,0.6687764155467691,8.8888844341687e-05
2.387e-10,0.6687555464866415,-5.00389265694949e-06
2.388e-10,0.6687279507524084,-0.00010783454016318303
2.389e-10,0.6686938359639223,-0.00021860531788895135
2.39e-10,0.6686534363570332,-0.0003363826445668526
2.391e-10,0.6686070079903326,-0.0004602906344493765
2.392e-10,0.6685548246932388,-0.0005894882797060565
2.393e-10,0.668497290357439,-0.0007246245567510449
2.394e-10,0.668432636878064,-0.000869720142453073
2.395e-10,0.6683560465620831,-0.001034422804220882
2.396e-10,0.668268747958451,-0.0012148087066064784
2.397e-10,0.6681717740114146,-0.001404776429395242
2.398e-10,0.6680660029522729,-0.0015887372547427729
2.399e-10,0.6679521894511747,-0.0017654861799366638
2.4e-10,0.6678309887573057,-0.0019339050260084025
2.401e-10,0.6677029758199314,-0.0020929844135541657
2.402e-10,0.6675689043197075,-0.0022435972234204644
2.403e-10,0.667429525912247,-0.002383695943598243
2.404e-10,0.6672851982825168,-0.002512133628924686
2.405e-10,0.6671317825611626,-0.0026321027004161195
2.406e-10,0.6669686578166419,-0.0027200290005284537
2.407e-10,0.6667969322839282,-0.0027749228152191994
2.408e-10,0.6666174988130079,-0.0027960346555107977
2.409e-10,0.6664311862004803,-0.0027824099024339223
2.41e-10,0.6662387939374484,-0.002732942538298216
2.411e-10,0.6660421578005243,-0.0026433551511753236
2.412e-10,0.665840592081512,-0.002508481631670912
2.413e-10,0.6656339019090107,-0.002284138715159745
2.414e-10,0.6654195169138805,-0.001970174331417071
2.415e-10,0.665197883577226,-0.0015675174703905703
2.416e-10,0.6649694925408072,-0.0010767338476657244
2.417e-10,0.6647316670542955,-0.000505636873332983
2.418e-10,0.6644847988177102,0.00014646061261434755
2.419e-10,0.6642303050170484,0.0009259483742070508
2.42e-10,0.663969306993411,0.0018355355536248826
2.421e-10,0.6637052972849022,0.0028874547198034072
2.422e-10,0.6634408911832738,0.004089321917679802
2.423e-10,0.6631767221449141,0.0054387291770259345
2.424e-10,0.6629135422230034,0.006938731040739061
2.425e-10,0.6626519724168893,0.008685214950776244
2.426e-10,0.6623925335222255,0.010671752488454481
2.427e-10,0.6621339982755504,0.012909748677748007
2.428e-10,0.6618729708308613,0.015431737127048106
2.429e-10,0.6616099403573767,0.018232044978916846
2.43e-10,0.6613453292029051,0.021299797181275275
2.431e-10,0.6610795215555755,0.02461938696776019
2.432e-10,0.6608128710394169,0.028188218745020185
2.433e-10,0.6605485984944441,0.032025549599506924
2.434e-10,0.6602897053524233,0.03612816450794935
2.435e-10,0.660036959817995,0.04048919502038438
2.436e-10,0.6597908489299276,0.045108190629698584
2.437e-10,0.659552158685509,0.049984968836055105
2.438e-10,0.65932056107253,0.055117326827117924
2.439e-10,0.6590897008322534,0.06051715278472103
2.44e-10,0.6588604836929145,0.06618577871182824
2.441e-10,0.6586332466154877,0.07221326476645865
2.442e-10,0.6584083305821558,0.07860268479535738
2.443e-10,0.6581860334656655,0.08535181932654148
2.444e-10,0.6579748459463529,0.09250423340467813
2.445e-10,0.6577762957654346,0.10005336857280747
2.446e-10,0.6575896995291529,0.10797945049137339
2.447e-10,0.6574146584175248,0.11626321460252861
2.448e-10,0.6572508666296254,0.12482565210999547
2.449e-10,0.6570980402537134,0.1336230054829101
2.45e-10,0.6569574767990883,0.14262187730840598
2.451e-10,0.6568305870929216,0.15179676401750014
2.452e-10,0.6567172115198546,0.16112082831467334
2.453e-10,0.6566171977904065,0.17058463805499896
2.454e-10,0.6565303837862695,0.18028294837611605
2.455e-10,0.6564577169868991,0.1902007508271
2.456e-10,0.6563969823106249,0.20033103877553346
2.457e-10,0.6563480369198469,0.21066114676706035
2.458e-10,0.6563111367305144,0.22116354820951423
2.459e-10,0.6562864699733175,0.23168989156100603
2.46e-10,0.656274161945654,0.24222257499337108
2.461e-10,0.6562841442057641,0.2527732915719782
2.462e-10,0.6563186866238289,0.2633312575435487
2.463e-10,0.6563747281829304,0.27392293041485505
2.464e-10,0.6564493361694037,0.28463377942604395
2.465e-10,0.6565401486299711,0.2954416378978257
2.466e-10,0.6566451989252057,0.3063260539943749
2.467e-10,0.6567628005770267,0.31728995305249186
2.468e-10,0.6568961337324782,0.32820546865266365
2.469e-10,0.6570433130487209,0.33899472843667144
2.47e-10,0.6572019728001314,0.34964017696086347
2.471e-10,0.657370632149533,0.3601283728698007
2.472e-10,0.6575480536639757,0.37044916418398727
2.473e-10,0.6577331604806121,0.3806661624590496
2.474e-10,0.6579249877585829,0.3907669408397368
2.475e-10,0.6581184005636344,0.4007342773419638
2.476e-10,0.6583124002112012,0.4105592156070616
2.477e-10,0.6585125106192823,0.42024254522383186
2.478e-10,0.6587192287330269,0.4297742365830391
2.479e-10,0.6589311929173581,0.43914279403306483
2.48e-10,0.6591471628039137,0.4483383139978771
2.481e-10,0.6593660913853446,0.4573524768761111
2.482e-10,0.6595870630581896,0.4661783385340333
2.483e-10,0.659809260231945,0.4747866581898237
2.484e-10,0.6600319428287033,0.48316442775986707
2.485e-10,0.6602545434869224,0.4913101558828375
2.486e-10,0.6604770762992545,0.4992232792022946
2.487e-10,0.6606989862243374,0.506904067844155
2.488e-10,0.6609197625189119,0.5143535460030452
2.489e-10,0.6611395294466847,0.5215664126590344
2.49e-10,0.6613629533850145,0.5285472978743958
2.491e-10,0.6615869192069443,0.5352944463371462
2.492e-10,0.661809819082113,0.5418091655341062
2.493e-10,0.6620306610610686,0.5480942406834086
2.494e-10,0.662248792937689,0.5541533763245297
2.495e-10,0.6624637566262598,0.5599908817371984
2.496e-10,0.6626752110454746,0.5656114850893985
2.497e-10,0.662882890802505,0.5709991267838902
2.498e-10,0.6630865715115664,0.5761611894754679
2.499e-10,0.6632860850006033,0.5811038032228344
2.5e-10,0.6634812945540752,0.5858348135826233
2.501e-10,0.6636720904333591,0.5903618979613523
2.502e-10,0.6638583949219877,0.5946926119140392
2.503e-10,0.6640401471674579,0.5988343208607569
2.504e-10,0.664217301571674,0.6027942243938419
2.505e-10,0.6643898280272,0.6065793521551235
2.506e-10,0.6645577113389166,0.6101965578839212
2.507e-10,0.6647209502472674,0.6136497913114777
2.508e-10,0.6648795550716357,0.6169006479735869
2.509e-10,0.6650335300895743,0.6199606858047477
2.51e-10,0.6651829159560882,0.6228408791191788
2.511e-10,0.665327760657954,0.6255515988094312
2.512e-10,0.6654681192425365,0.6281026426852109
2.513e-10,0.6656040532743792,0.6305032642983934
2.514e-10,0.6657356301897023,0.6327622005229896
2.515e-10,0.665862922626153,0.6348876980039199
2.516e-10,0.665986231474997,0.6368878498957095
2.517e-10,0.6661056424634267,0.6387699940428607
2.518e-10,0.6662211043378382,0.640540856975138
2.519e-10,0.6663326330723149,0.6422068670072282
2.52e-10,0.6664402812062803,0.6437741296738146
2.521e-10,0.6665441213881963,0.6452484238258007
2.522e-10,0.6666442374399043,0.6466352081593514
2.523e-10,0.6667407194329856,0.6479396328404229
2.524e-10,0.6668336609117792,0.6491665534148607
2.525e-10,0.6669231572712382,0.6503205455322338
2.526e-10,0.6670093047619963,0.6514059197199226
2.527e-10,0.6670918794855598,0.6524261076525929
2.528e-10,0.6671711086598942,0.6533846425111492
2.529e-10,0.6672471645642597,0.6542853410643765
2.53e-10,0.6673201869395228,0.6551317492951018
2.531e-10,0.6673902971059107,0.6559271769957191
2.532e-10,0.6674576054345068,0.6566747217701232
2.533e-10,0.6675222153272993,0.6573772871148128
2.534e-10,0.6675842253317145,0.6580375970090457
2.535e-10,0.6676437302604616,0.6586582083342251
2.536e-10,0.6677008217830682,0.6592415218480614
2.537e-10,0.6677555887387395,0.6597897921196827
2.538e-10,0.667808117303982,0.6603051366597447
2.539e-10,0.6678584910861283,0.6607908855899328
2.54e-10,0.6679067917729539,0.6612496193184308
2.541e-10,0.6679530981600018,0.6616828473150441
2.542e-10,0.6679974861752834,0.662091993810759
2.543e-10,0.668040029412442,0.6624784032756481
2.544e-10,0.6680807991433924,0.6628433448847474
2.545e-10,0.6681198643421561,0.663188016739358
2.546e-10,0.6681572917163237,0.66351354985422
2.547e-10,0.6681931457439652,0.663821011922022
2.548e-10,0.6682274887145854,0.6641114108669148
2.549e-10,0.6682603807731601,0.664385698198484
2.55e-10,0.6682918799665513,0.6646447721772217
2.551e-10,0.6683220422917556,0.664889480802032
2.552e-10,0.6683509217455484,0.6651206246297674
2.553e-10,0.6683785703751549,0.6653389594362545
2.554e-10,0.6684050383296354,0.6655451987277465
2.555e-10,0.6684303739117134,0.6657400161112341
2.556e-10,0.668454623629811,0.6659240475315747
2.557e-10,0.668454623629811,0.6660978933829446
2.558e-10,0.668454623629811,0.6662616333856932
2.559e-10,0.668454623629811,0.666415856208878
2.56e-10,0.668454623629811,0.6665611161010112
2.561e-10,0.668454623629811,0.6666979349174079
2.562e-10,0.668454623629811,0.666826804026464
2.563e-10,0.668454623629811,0.6669481861022818
2.564e-10,0.668454623629811,0.6670625168105841
2.565e-10,0.668454623629811,0.6671702063944169
2.566e-10,0.668454623629811,0.6672716411657258
2.567e-10,0.668454623629811,0.6673671849085109
2.568e-10,0.668454623629811,0.6673671849085109
2.569e-10,0.668454623629811,0.6673671849085109
2.57e-10,0.668454623629811,0.6673671849085109
2.571e-10,0.668454623629811,0.6673671849085109
2.572e-10,0.668454623629811,0.6673671849085109
2.573e-10,0.668454623629811,0.6673671849085109
2.574e-10,0.668454623629811,0.6673671849085109
2.575e-10,0.668454623629811,0.6673671849085109
2.576e-10,0.668454623629811,0.6673671849085109
2.577e-10,0.668454623629811,0.6673671849085109
2.578e-10,0.668454623629811,0.6673671849085109
2.579e-10,0.668454623629811,0.6673671849085109
2.58e-10,0.668454623629811,0.6673671849085109
2.581e-10,0.668454623629811,0.6673671849085109
2.582e-10,0.668454623629811,0.6673671849085109
2.583e-10,0.668454623629811,0.6673671849085109
2.584e-10,0.668454623629811,0.6673671849085109
2.585e-10,0.668454623629811,0.6673671849085109
2.586e-10,0.668454623629811,0.6673671849085109
2.587e-10,0.668454623629811,0.6673671849085109
2.588e-10,0.668454623629811,0.6673671849085109
2.589e-10,0.668454623629811,0.6673671849085109
2.59e-10,0.668454623629811,0.6673671849085109
2.591e-10,0.668454623629811,0.6673671849085109
2.592e-10,0.668454623629811,0.6673671849085109
2.593e-10,0.668454623629811,0.6673671849085109
2.594e-10,0.668454623629811,0.6673671849085109
2.595e-10,0.668454623629811,0.6673671849085109
2.596e-10,0.668454623629811,0.6673671849085109
2.597e-10,0.668454623629811,0.6673671849085109
2.598e-10,0.668454623629811,0.6673671849085109
2.599e-10,0.668454623629811,0.6673671849085109
2.6e-10,0.668454623629811,0.6673671849085109
2.601e-10,0.668454623629811,0.6673671849085109
2.602e-10,0.668454623629811,0.6673671849085109
2.603e-10,0.668454623629811,0.6673671849085109
2.604e-10,0.668454623629811,0.6673671849085109
2.605e-10,0.668454623629811,0.6673671849085109
2.606e-10,0.668454623629811,0.6673671849085109
2.607e-10,0.668454623629811,0.6673671849085109
2.608e-10,0.668454623629811,0.6673671849085109
2.609e-10,0.668454623629811,0.6673671849085109
2.61e-10,0.668454623629811,0.6673671849085109
2.611e-10,0.668454623629811,0.6673671849085109
2.612e-10,0.668454623629811,0.6673671849085109
2.613e-10,0.668454623629811,0.6673671849085109
2.614e-10,0.668454623629811,0.6673671849085109
2.615e-10,0.668454623629811,0.6673671849085109
2.616e-10,0.668454623629811,0.6673671849085109
2.617e-10,0.668454623629811,0.6673671849085109
2.618e-10,0.668454623629811,0.6673671849085109
2.619e-10,0.668454623629811,0.6673671849085109
2.62e-10,0.668454623629811,0.6673671849085109
2.621e-10,0.668454623629811,0.6673671849085109
2.622e-10,0.668454623629811,0.6673671849085109
2.623e-10,0.668454623629811,0.6673671849085109
2.624e-10,0.668454623629811,0.6673671849085109
2.625e-10,0.668454623629811,0.6673671849085109
2.626e-10,0.668454623629811,0.6673671849085109
2.627e-10,0.668454623629811,0.6673671849085109
2.628e-10,0.668454623629811,0.6673671849085109
2.629e-10,0.668454623629811,0.6673671849085109
2.63e-10,0.668454623629811,0.6673671849085109
2.631e-10,0.668454623629811,0.6673671849085109
2.632e-10,0.668454623629811,0.6673671849085109
2.633e-10,0.668454623629811,0.6673671849085109
2.634e-10,0.668454623629811,0.6673671849085109
2.635e-10,0.668454623629811,0.6673671849085109
2.636e-10,0.668454623629811,0.6673671849085109
2.637e-10,0.668454623629811,0.6673671849085109
2.638e-10,0.668454623629811,0.6673671849085109
2.639e-10,0.668454623629811,0.6673671849085109
2.64e-10,0.668454623629811,0.6673671849085109
2.641e-10,0.668454623629811,0.6673671849085109
2.642e-10,0.668454623629811,0.6673671849085109
2.643e-10,0.668454623629811,0.6673671849085109
2.644e-10,0.668454623629811,0.6673671849085109
2.645e-10,0.668454623629811,0.6673671849085109
2.646e-10,0.668454623629811,0.6673671849085109
2.647e-10,0.668454623629811,0.6673671849085109
2.648e-10,0.668454623629811,0.6673671849085109
2.649e-10,0.668454623629811,0.6673671849085109
2.65e-10,0.668454623629811,0.6673671849085109
2.651e-10,0.668454623629811,0.6673671849085109
2.652e-10,0.668454623629811,0.6673671849085109
2.653e-10,0.668454623629811,0.6673671849085109
2.654e-10,0.668454623629811,0.6673671849085109
2.655e-10,0.668454623629811,0.6673671849085109
2.656e-10,0.668454623629811,0.6673671849085109
2.657e-10,0.668454623629811,0.6673671849085109
2.658e-10,0.668454623629811,0.6673671849085109
2.659e-10,0.668454623629811,0.6673671849085109
2.66e-10,0.668454623629811,0.6673671849085109
2.661e-10,0.668454623629811,0.6673671849085109
2.662e-10,0.668454623629811,0.6673671849085109
2.663e-10,0.668454623629811,0.6673671849085109
2.664e-10,0.668454623629811,0.6673671849085109
2.665e-10,0.668454623629811,0.6673671849085109
2.666e-10,0.668454623629811,0.6673671849085109
2.667e-10,0.668454623629811,0.6673671849085109
2.668e-10,0.668454623629811,0.6673671849085109
2.669e-10,0.668454623629811,0.6673671849085109
2.67e-10,0.668454623629811,0.6673671849085109
2.671e-10,0.668454623629811,0.6673671849085109
2.672e-10,0.668454623629811,0.6673671849085109
2.673e-10,0.668454623629811,0.6673671849085109
2.674e-10,0.668454623629811,0.6673671849085109
2.675e-10,0.668454623629811,0.6673671849085109
2.676e-10,0.668454623629811,0.6673671849085109
2.677e-10,0.668454623629811,0.6673671849085109
2.678e-10,0.668454623629811,0.6673671849085109
2.679e-10,0.668454623629811,0.6673671849085109
2.68e-10,0.668454623629811,0.6673671849085109
2.681e-10,0.668454623629811,0.6673671849085109
2.682e-10,0.668454623629811,0.6673671849085109
2.683e-10,0.668454623629811,0.6673671849085109
2.684e-10,0.668454623629811,0.6673671849085109
2.685e-10,0.668454623629811,0.6673671849085109
2.686e-10,0.668454623629811,0.6673671849085109
2.687e-10,0.668454623629811,0.6673671849085109
2.688e-10,0.668454623629811,0.6673671849085109
2.689e-10,0.668454623629811,0.6673671849085109
2.69e-10,0.668454623629811,0.6673671849085109
2.691e-10,0.668454623629811,0.6673671849085109
2.692e-10,0.668454623629811,0.6673671849085109
2.693e-10,0.668454623629811,0.6673671849085109
2.694e-10,0.668454623629811,0.6673671849085109
2.695e-10,0.668454623629811,0.6673671849085109
2.696e-10,0.668454623629811,0.6673671849085109
2.697e-10,0.668454623629811,0.6673671849085109
2.698e-10,0.668454623629811,0.6673671849085109
2.699e-10,0.668454623629811,0.6673671849085109
2.7e-10,0.668454623629811,0.6673671849085109
2.701e-10,0.668454623629811,0.6673671849085109
2.702e-10,0.668454623629811,0.6673671849085109
2.703e-10,0.668454623629811,0.6673671849085109
2.704e-10,0.668454623629811,0.6673671849085109
2.705e-10,0.668454623629811,0.6673671849085109
2.706e-10,0.668454623629811,0.6673671849085109
2.707e-10,0.668454623629811,0.6673671849085109
2.708e-10,0.668454623629811,0.6673671849085109
2.709e-10,0.668454623629811,0.6673671849085109
2.71e-10,0.668454623629811,0.6673671849085109
2.711e-10,0.668454623629811,0.6673671849085109
2.712e-10,0.668454623629811,0.6673671849085109
2.713e-10,0.668454623629811,0.6673671849085109
2.714e-10,0.668454623629811,0.6673671849085109
2.715e-10,0.668454623629811,0.6673671849085109
2.716e-10,0.668454623629811,0.6673671849085109
2.717e-10,0.668454623629811,0.6673671849085109
2.718e-10,0.668454623629811,0.6673671849085109
2.719e-10,0.668454623629811,0.6673671849085109
2.72e-10,0.668454623629811,0.6673671849085109
2.721e-10,0.668454623629811,0.6673671849085109
2.722e-10,0.668454623629811,0.6673671849085109
2.723e-10,0.668454623629811,0.6673671849085109
2.724e-10,0.668454623629811,0.6673671849085109
2.725e-10,0.668454623629811,0.6673671849085109
2.726e-10,0.668454623629811,0.6673671849085109
2.727e-10,0.668454623629811,0.6673671849085109
2.728e-10,0.668454623629811,0.6673671849085109
2.729e-10,0.668454623629811,0.6673671849085109
2.73e-10,0.668454623629811,0.6673671849085109
2.731e-10,0.668454623629811,0.6673671849085109
2.732e-10,0.668454623629811,0.6673671849085109
2.733e-10,0.668454623629811,0.6673671849085109
2.734e-10,0.668454623629811,0.6673671849085109
2.735e-10,0.668454623629811,0.6673671849085109
2.736e-10,0.668454623629811,0.6673671849085109
2.737e-10,0.668454623629811,0.6673671849085109
2.738e-10,0.668454623629811,0.6673671849085109
2.739e-10,0.668454623629811,0.6673671849085109
2.74e-10,0.668454623629811,0.6673671849085109
2.741e-10,0.668454623629811,0.6673671849085109
2.742e-10,0.668454623629811,0.6673671849085109
2.743e-10,0.668454623629811,0.6673671849085109
2.744e-10,0.668454623629811,0.6673671849085109
2.745e-10,0.668454623629811,0.6673671849085109
2.746e-10,0.668454623629811,0.6673671849085109
2.747e-10,0.668454623629811,0.6673671849085109
2.748e-10,0.668454623629811,0.6673671849085109
2.749e-10,0.668454623629811,0.6673671849085109
2.75e-10,0.668454623629811,0.6673671849085109
2.751e-10,0.668454623629811,0.6673671849085109
2.752e-10,0.668454623629811,0.6673671849085109
2.753e-10,0.668454623629811,0.6673671849085109
2.754e-10,0.668454623629811,0.6673671849085109
2.755e-10,0.668454623629811,0.6673671849085109
2.756e-10,0.668454623629811,0.6673671849085109
2.757e-10,0.668454623629811,0.6673671849085109
2.758e-10,0.668454623629811,0.6673671849085109
2.759e-10,0.668454623629811,0.6673671849085109
2.76e-10,0.668454623629811,0.6673671849085109
2.761e-10,0.668454623629811,0.6673671849085109
2.762e-10,0.668454623629811,0.6673671849085109
2.763e-10,0.668454623629811,0.6673671849085109
2.764e-10,0.668454623629811,0.6673671849085109
2.765e-10,0.668454623629811,0.6673671849085109
2.766e-10,0.668454623629811,0.6673671849085109
2.767e-10,0.668454623629811,0.6673671849085109
2.768e-10,0.668454623629811,0.6673671849085109
2.769e-10,0.668454623629811,0.6673671849085109
2.77e-10,0.668454623629811,0.6673671849085109
2.771e-10,0.668454623629811,0.6673671849085109
2.772e-10,0.668454623629811,0.6673671849085109
2.773e-10,0.668454623629811,0.6673671849085109
2.774e-10,0.668454623629811,0.6673671849085109
2.775e-10,0.668454623629811,0.6673671849085109
2.776e-10,0.668454623629811,0.6673671849085109
2.777e-10,0.668454623629811,0.6673671849085109
2.778e-10,0.668454623629811,0.6673671849085109
2.779e-10,0.668454623629811,0.6673671849085109
2.78e-10,0.668454623629811,0.6673671849085109
2.781e-10,0.668454623629811,0.6673671849085109
2.782e-10,0.668454623629811,0.6673671849085109
2.783e-10,0.668454623629811,0.6673671849085109
2.784e-10,0.668454623629811,0.6673671849085109
2.785e-10,0.668454623629811,0.6673671849085109
2.786e-10,0.668454623629811,0.6673671849085109
2.787e-10,0.668454623629811,0.6673671849085109
2.788e-10,0.668454623629811,0.6673671849085109
2.789e-10,0.668454623629811,0.6673671849085109
2.79e-10,0.668454623629811,0.6673671849085109
2.791e-10,0.668454623629811,0.6673671849085109
2.792e-10,0.668454623629811,0.6673671849085109
2.793e-10,0.668454623629811,0.6673671849085109
2.794e-10,0.668454623629811,0.6673671849085109
2.795e-10,0.668454623629811,0.6673671849085109
2.796e-10,0.668454623629811,0.6673671849085109
2.797e-10,0.668454623629811,0.6673671849085109
2.798e-10,0.668454623629811,0.6673671849085109
2.799e-10,0.668454623629811,0.6673671849085109
2.8e-10,0.668454623629811,0.6673671849085109
2.801e-10,0.668454623629811,0.6673671849085109
2.802e-10,0.668454623629811,0.6673671849085109
2.803e-10,0.668454623629811,0.6673671849085109
2.804e-10,0.668454623629811,0.6673671849085109
2.805e-10,0.668454623629811,0.6673671849085109
2.806e-10,0.668454623629811,0.6673671849085109
2.807e-10,0.668454623629811,0.6673671849085109
2.808e-10,0.668454623629811,0.6673671849085109
2.809e-10,0.668454623629811,0.6673671849085109
2.81e-10,0.668454623629811,0.6673671849085109
2.811e-10,0.668454623629811,0.6673671849085109
2.812e-10,0.668454623629811,0.6673671849085109
2.813e-10,0.668454623629811,0.6673671849085109
2.814e-10,0.668454623629811,0.6673671849085109
2.815e-10,0.668454623629811,0.6673671849085109
2.816e-10,0.668454623629811,0.6673671849085109
2.817e-10,0.668454623629811,0.6673671849085109
2.818e-10,0.668454623629811,0.6673671849085109
2.819e-10,0.668454623629811,0.6673671849085109
2.82e-10,0.668454623629811,0.6673671849085109
2.821e-10,0.668454623629811,0.6673671849085109
2.822e-10,0.668454623629811,0.6673671849085109
2.823e-10,0.668454623629811,0.6673671849085109
2.824e-10,0.668454623629811,0.6673671849085109
2.825e-10,0.668454623629811,0.6673671849085109
2.826e-10,0.668454623629811,0.6673671849085109
2.827e-10,0.668454623629811,0.6673671849085109
2.828e-10,0.668454623629811,0.6673671849085109
2.829e-10,0.668454623629811,0.6673671849085109
2.83e-10,0.668454623629811,0.6673671849085109
2.831e-10,0.668454623629811,0.6673671849085109
2.832e-10,0.668454623629811,0.6673671849085109
2.833e-10,0.668454623629811,0.6673671849085109
2.834e-10,0.668454623629811,0.6673671849085109
2.835e-10,0.668454623629811,0.6673671849085109
2.836e-10,0.668454623629811,0.6673671849085109
2.837e-10,0.668454623629811,0.6673671849085109
2.838e-10,0.668454623629811,0.6673671849085109
2.839e-10,0.668454623629811,0.6673671849085109
2.84e-10,0.668454623629811,0.6673671849085109
2.841e-10,0.668454623629811,0.6673671849085109
2.842e-10,0.668454623629811,0.6673671849085109
2.843e-10,0.668454623629811,0.6673671849085109
2.844e-10,0.668454623629811,0.6673671849085109
2.845e-10,0.668454623629811,0.6673671849085109
2.846e-10,0.668454623629811,0.6673671849085109
2.847e-10,0.668454623629811,0.6673671849085109
2.848e-10,0.668454623629811,0.6673671849085109
2.849e-10,0.668454623629811,0.6673671849085109
2.85e-10,0.668454623629811,0.6673671849085109
2.851e-10,0.668454623629811,0.6673671849085109
2.852e-10,0.668454623629811,0.6673671849085109
2.853e-10,0.668454623629811,0.6673671849085109
2.854e-10,0.668454623629811,0.6673671849085109
2.855e-10,0.668454623629811,0.6673671849085109
2.856e-10,0.668454623629811,0.6673671849085109
2.857e-10,0.668454623629811,0.6673671849085109
2.858e-10,0.668454623629811,0.6673671849085109
2.859e-10,0.668454623629811,0.6673671849085109
2.86e-10,0.668454623629811,0.6673671849085109
2.861e-10,0.668454623629811,0.6673671849085109
2.862e-10,0.668454623629811,0.6673671849085109
2.863e-10,0.668454623629811,0.6673671849085109
2.864e-10,0.668454623629811,0.6673671849085109
2.865e-10,0.668454623629811,0.6673671849085109
2.866e-10,0.668454623629811,0.6673671849085109
2.867e-10,0.668454623629811,0.6673671849085109
2.868e-10,0.668454623629811,0.6673671849085109
2.869e-10,0.668454623629811,0.6673671849085109
2.87e-10,0.668454623629811,0.6673671849085109
2.871e-10,0.668454623629811,0.6673671849085109
2.872e-10,0.668454623629811,0.6673671849085109
2.873e-10,0.668454623629811,0.6673671849085109
2.874e-10,0.668454623629811,0.6673671849085109
2.875e-10,0.668454623629811,0.6673671849085109
2.876e-10,0.668454623629811,0.6673671849085109
2.877e-10,0.668454623629811,0.6673671849085109
2.878e-10,0.668454623629811,0.6673671849085109
2.879e-10,0.668454623629811,0.6673671849085109
2.88e-10,0.668454623629811,0.6673671849085109
2.881e-10,0.668454623629811,0.6673671849085109
2.882e-10,0.668454623629811,0.6673671849085109
2.883e-10,0.668454623629811,0.6673671849085109
2.884e-10,0.668454623629811,0.6673671849085109
2.885e-10,0.668454623629811,0.6673671849085109
2.886e-10,0.668454623629811,0.6673671849085109
2.887e-10,0.668454623629811,0.6673671849085109
2.888e-10,0.668454623629811,0.6673671849085109
2.889e-10,0.668454623629811,0.6673671849085109
2.89e-10,0.668454623629811,0.6673671849085109
2.891e-10,0.668454623629811,0.6673671849085109
2.892e-10,0.668454623629811,0.6673671849085109
2.893e-10,0.668454623629811,0.6673671849085109
2.894e-10,0.668454623629811,0.6673671849085109
2.895e-10,0.668454623629811,0.6673671849085109
2.896e-10,0.668454623629811,0.6673671849085109
2.897e-10,0.668454623629811,0.6673671849085109
2.898e-10,0.668454623629811,0.6673671849085109
2.899e-10,0.668454623629811,0.6673671849085109
2.9e-10,0.668454623629811,0.6673671849085109
2.901e-10,0.668454623629811,0.6673671849085109
2.902e-10,0.668454623629811,0.6673671849085109
2.903e-10,0.668454623629811,0.6673671849085109
2.904e-10,0.668454623629811,0.6673671849085109
2.905e-10,0.668454623629811,0.6673671849085109
2.906e-10,0.668454623629811,0.6673671849085109
2.907e-10,0.668454623629811,0.6673671849085109
2.908e-10,0.668454623629811,0.6673671849085109
2.909e-10,0.668454623629811,0.6673671849085109
2.91e-10,0.668454623629811,0.6673671849085109
2.911e-10,0.668454623629811,0.6673671849085109
2.912e-10,0.668454623629811,0.6673671849085109
2.913e-10,0.668454623629811,0.6673671849085109
2.914e-10,0.668454623629811,0.6673671849085109
2.915e-10,0.668454623629811,0.6673671849085109
2.916e-10,0.668454623629811,0.6673671849085109
2.917e-10,0.668454623629811,0.6673671849085109
2.918e-10,0.668454623629811,0.6673671849085109
2.919e-10,0.668454623629811,0.6673671849085109
2.92e-10,0.668454623629811,0.6673671849085109
2.921e-10,0.668454623629811,0.6673671849085109
2.922e-10,0.668454623629811,0.6673671849085109
2.923e-10,0.668454623629811,0.6673671849085109
2.924e-10,0.668454623629811,0.6673671849085109
2.925e-10,0.668454623629811,0.6673671849085109
2.926e-10,0.668454623629811,0.6673671849085109
2.927e-10,0.668454623629811,0.6673671849085109
2.928e-10,0.668454623629811,0.6673671849085109
2.929e-10,0.668454623629811,0.6673671849085109
2.93e-10,0.668454623629811,0.6673671849085109
2.931e-10,0.668454623629811,0.6673671849085109
2.932e-10,0.668454623629811,0.6673671849085109
2.933e-10,0.668454623629811,0.6673671849085109
2.934e-10,0.668454623629811,0.6673671849085109
2.935e-10,0.668454623629811,0.6673671849085109
2.936e-10,0.668454623629811,0.6673671849085109
2.937e-10,0.668454623629811,0.6673671849085109
2.938e-10,0.668454623629811,0.6673671849085109
2.939e-10,0.668454623629811,0.6673671849085109
2.94e-10,0.668454623629811,0.6673671849085109
2.941e-10,0.668454623629811,0.6673671849085109
2.942e-10,0.668454623629811,0.6673671849085109
2.943e-10,0.668454623629811,0.6673671849085109
2.944e-10,0.668454623629811,0.6673671849085109
2.945e-10,0.668454623629811,0.6673671849085109
2.946e-10,0.668454623629811,0.6673671849085109
2.947e-10,0.668454623629811,0.6673671849085109
2.948e-10,0.668454623629811,0.6673671849085109
2.949e-10,0.668454623629811,0.6673671849085109
2.95e-10,0.668454623629811,0.6673671849085109
2.951e-10,0.668454623629811,0.6673671849085109
2.952e-10,0.668454623629811,0.6673671849085109
2.953e-10,0.668454623629811,0.6673671849085109
2.954e-10,0.668454623629811,0.6673671849085109
2.955e-10,0.668454623629811,0.6673671849085109
2.956e-10,0.668454623629811,0.6673671849085109
2.957e-10,0.668454623629811,0.6673671849085109
2.958e-10,0.668454623629811,0.6673671849085109
2.959e-10,0.668454623629811,0.6673671849085109
2.96e-10,0.668454623629811,0.6673671849085109
2.961e-10,0.668454623629811,0.6673671849085109
2.962e-10,0.668454623629811,0.6673671849085109
2.963e-10,0.668454623629811,0.6673671849085109
2.964e-10,0.668454623629811,0.6673671849085109
2.965e-10,0.668454623629811,0.6673671849085109
2.966e-10,0.668454623629811,0.6673671849085109
2.967e-10,0.668454623629811,0.6673671849085109
2.968e-10,0.668454623629811,0.6673671849085109
2.969e-10,0.668454623629811,0.6673671849085109
2.97e-10,0.668454623629811,0.6673671849085109
2.971e-10,0.668454623629811,0.6673671849085109
2.972e-10,0.668454623629811,0.6673671849085109
2.973e-10,0.668454623629811,0.6673671849085109
2.974e-10,0.668454623629811,0.6673671849085109
2.975e-10,0.668454623629811,0.6673671849085109
2.976e-10,0.668454623629811,0.6673671849085109
2.977e-10,0.668454623629811,0.6673671849085109
2.978e-10,0.668454623629811,0.6673671849085109
2.979e-10,0.668454623629811,0.6673671849085109
2.98e-10,0.668454623629811,0.6673671849085109
2.981e-10,0.668454623629811,0.6673671849085109
2.982e-10,0.668454623629811,0.6673671849085109
2.983e-10,0.668454623629811,0.6673671849085109
2.984e-10,0.668454623629811,0.6673671849085109
2.985e-10,0.668454623629811,0.6673671849085109
2.986e-10,0.668454623629811,0.6673671849085109
2.987e-10,0.668454623629811,0.6673671849085109
2.988e-10,0.668454623629811,0.6673671849085109
2.989e-10,0.668454623629811,0.6673671849085109
2.99e-10,0.668454623629811,0.6673671849085109
2.991e-10,0.668454623629811,0.6673671849085109
2.992e-10,0.668454623629811,0.6673671849085109
2.993e-10,0.668454623629811,0.6673671849085109
2.994e-10,0.668454623629811,0.6673671849085109
2.995e-10,0.668454623629811,0.6673671849085109
2.996e-10,0.668454623629811,0.6673671849085109
2.997e-10,0.668454623629811,0.6673671849085109
2.998e-10,0.668454623629811,0.6673671849085109
2.999e-10,0.668454623629811,0.6673671849085109
3e-10,0.668454623629811,0.6673671849085109
3.001e-10,0.668454623629811,0.6673671849085109
3.002e-10,0.668454623629811,0.6673671849085109
3.003e-10,0.668454623629811,0.6673671849085109
3.004e-10,0.668454623629811,0.6673671849085109
3.005e-10,0.668454623629811,0.6673671849085109
3.006e-10,0.668454623629811,0.6673671849085109
3.007e-10,0.668454623629811,0.6673671849085109
3.008e-10,0.668454623629811,0.6673671849085109
3.009e-10,0.668454623629811,0.6673671849085109
3.01e-10,0.668454623629811,0.6673671849085109
3.011e-10,0.668454623629811,0.6673671849085109
3.012e-10,0.668454623629811,0.6673671849085109
3.013e-10,0.668454623629811,0.6673671849085109
3.014e-10,0.668454623629811,0.6673671849085109
3.015e-10,0.668454623629811,0.6673671849085109
3.016e-10,0.668454623629811,0.6673671849085109
3.017e-10,0.668454623629811,0.6673671849085109
3.018e-10,0.668454623629811,0.6673671849085109
3.019e-10,0.668454623629811,0.6673671849085109
3.02e-10,0.668454623629811,0.6673671849085109
3.021e-10,0.668454623629811,0.6673671849085109
3.022e-10,0.668454623629811,0.6673671849085109
3.023e-10,0.668454623629811,0.6673671849085109
3.024e-10,0.668454623629811,0.6673671849085109
3.025e-10,0.668454623629811,0.6673671849085109
3.026e-10,0.668454623629811,0.6673671849085109
3.027e-10,0.668454623629811,0.6673671849085109
3.028e-10,0.668454623629811,0.6673671849085109
3.029e-10,0.668454623629811,0.6673671849085109
3.03e-10,0.668454623629811,0.6673671849085109
3.031e-10,0.668454623629811,0.6673671849085109
3.032e-10,0.668454623629811,0.6673671849085109
3.033e-10,0.668454623629811,0.6673671849085109
3.034e-10,0.668454623629811,0.6673671849085109
3.035e-10,0.668454623629811,0.6673671849085109
3.036e-10,0.668454623629811,0.6673671849085109
3.037e-10,0.668454623629811,0.6673671849085109
3.038e-10,0.668454623629811,0.6673671849085109
3.039e-10,0.668454623629811,0.6673671849085109
3.04e-10,0.668454623629811,0.6673671849085109
3.041e-10,0.668454623629811,0.6673671849085109
3.042e-10,0.668454623629811,0.6673671849085109
3.043e-10,0.668454623629811,0.6673671849085109
3.044e-10,0.668454623629811,0.6673671849085109
3.045e-10,0.668454623629811,0.6673671849085109
3.046e-10,0.668454623629811,0.6673671849085109
3.047e-10,0.668454623629811,0.6673671849085109
3.048e-10,0.668454623629811,0.6673671849085109
3.049e-10,0.668454623629811,0.6673671849085109
3.05e-10,0.668454623629811,0.6673671849085109
3.051e-10,0.668454623629811,0.6673671849085109
3.052e-10,0.668454623629811,0.6673671849085109
3.053e-10,0.668454623629811,0.6673671849085109
3.054e-10,0.668454623629811,0.6673671849085109
3.055e-10,0.668454623629811,0.6673671849085109
3.056e-10,0.668454623629811,0.6673671849085109
3.057e-10,0.668454623629811,0.6673671849085109
3.058e-10,0.668454623629811,0.6673671849085109
3.059e-10,0.668454623629811,0.6673671849085109
3.06e-10,0.668454623629811,0.6673671849085109
3.061e-10,0.668454623629811,0.6673671849085109
3.062e-10,0.668454623629811,0.6673671849085109
3.063e-10,0.668454623629811,0.6673671849085109
3.064e-10,0.668454623629811,0.6673671849085109
3.065e-10,0.668454623629811,0.6673671849085109
3.066e-10,0.668454623629811,0.6673671849085109
3.067e-10,0.668454623629811,0.6673671849085109
3.068e-10,0.668454623629811,0.6673671849085109
3.069e-10,0.668454623629811,0.6673671849085109
3.07e-10,0.668454623629811,0.6673671849085109
3.071e-10,0.668454623629811,0.6673671849085109
3.072e-10,0.668454623629811,0.6673671849085109
3.073e-10,0.668454623629811,0.6673671849085109
3.074e-10,0.668454623629811,0.6673671849085109
3.075e-10,0.668454623629811,0.6673671849085109
3.076e-10,0.668454623629811,0.6673671849085109
3.077e-10,0.668454623629811,0.6673671849085109
3.078e-10,0.668454623629811,0.6673671849085109
3.079e-10,0.668454623629811,0.6673671849085109
3.08e-10,0.668454623629811,0.6673671849085109
3.081e-10,0.668454623629811,0.6673671849085109
3.082e-10,0.668454623629811,0.6673671849085109
3.083e-10,0.668454623629811,0.6673671849085109
3.084e-10,0.668454623629811,0.6673671849085109
3.085e-10,0.668454623629811,0.6673671849085109
3.086e-10,0.668454623629811,0.6673671849085109
3.087e-10,0.668454623629811,0.6673671849085109
3.088e-10,0.668454623629811,0.6673671849085109
3.089e-10,0.668454623629811,0.6673671849085109
3.09e-10,0.668454623629811,0.6673671849085109
3.091e-10,0.668454623629811,0.6673671849085109
3.092e-10,0.668454623629811,0.6673671849085109
3.093e-10,0.668454623629811,0.6673671849085109
3.094e-10,0.668454623629811,0.6673671849085109
3.095e-10,0.668454623629811,0.6673671849085109
3.096e-10,0.668454623629811,0.6673671849085109
3.097e-10,0.668454623629811,0.6673671849085109
3.098e-10,0.668454623629811,0.6673671849085109
3.099e-10,0.668454623629811,0.6673671849085109
3.1e-10,0.668454623629811,0.6673671849085109
3.101e-10,0.668454623629811,0.6673671849085109
3.102e-10,0.668454623629811,0.6673671849085109
3.103e-10,0.668454623629811,0.6673671849085109
3.104e-10,0.668454623629811,0.6673671849085109
3.105e-10,0.668454623629811,0.6673671849085109
3.106e-10,0.668454623629811,0.6673671849085109
3.107e-10,0.668454623629811,0.6673671849085109
3.108e-10,0.668454623629811,0.6673671849085109
3.109e-10,0.668454623629811,0.6673671849085109
3.11e-10,0.668454623629811,0.6673671849085109
3.111e-10,0.668454623629811,0.6673671849085109
3.112e-10,0.668454623629811,0.6673671849085109
3.113e-10,0.668454623629811,0.6673671849085109
3.114e-10,0.668454623629811,0.6673671849085109
3.115e-10,0.668454623629811,0.6673671849085109
3.116e-10,0.668454623629811,0.6673671849085109
3.117e-10,0.668454623629811,0.6673671849085109
3.118e-10,0.668454623629811,0.6673671849085109
3.119e-10,0.668454623629811,0.6673671849085109
3.12e-10,0.668454623629811,0.6673671849085109
3.121e-10,0.668454623629811,0.6673671849085109
3.122e-10,0.668454623629811,0.6673671849085109
3.123e-10,0.668454623629811,0.6673671849085109
3.124e-10,0.668454623629811,0.6673671849085109
3.125e-10,0.668454623629811,0.6673671849085109
3.126e-10,0.668454623629811,0.6673671849085109
3.127e-10,0.668454623629811,0.6673671849085109
3.128e-10,0.668454623629811,0.6673671849085109
3.129e-10,0.668454623629811,0.6673671849085109
3.13e-10,0.668454623629811,0.6673671849085109
3.131e-10,0.668454623629811,0.6673671849085109
3.132e-10,0.668454623629811,0.6673671849085109
3.133e-10,0.668454623629811,0.6673671849085109
3.134e-10,0.668454623629811,0.6673671849085109
3.135e-10,0.668454623629811,0.6673671849085109
3.136e-10,0.668454623629811,0.6673671849085109
3.137e-10,0.668454623629811,0.6673671849085109
3.138e-10,0.668454623629811,0.6673671849085109
3.139e-10,0.668454623629811,0.6673671849085109
3.14e-10,0.668454623629811,0.6673671849085109
3.141e-10,0.668454623629811,0.6673671849085109
3.142e-10,0.668454623629811,0.6673671849085109
3.143e-10,0.668454623629811,0.6673671849085109
3.144e-10,0.668454623629811,0.6673671849085109
3.145e-10,0.668454623629811,0.6673671849085109
3.146e-10,0.668454623629811,0.6673671849085109
3.147e-10,0.668454623629811,0.6673671849085109
3.148e-10,0.668454623629811,0.6673671849085109
3.149e-10,0.668454623629811,0.6673671849085109
3.15e-10,0.668454623629811,0.6673671849085109
3.151e-10,0.668454623629811,0.6673671849085109
3.152e-10,0.668454623629811,0.6673671849085109
3.153e-10,0.668454623629811,0.6673671849085109
3.154e-10,0.668454623629811,0.6673671849085109
3.155e-10,0.668454623629811,0.6673671849085109
3.156e-10,0.668454623629811,0.6673671849085109
3.157e-10,0.668454623629811,0.6673671849085109
3.158e-10,0.668454623629811,0.6673671849085109
3.159e-10,0.668454623629811,0.6673671849085109
3.16e-10,0.668454623629811,0.6673671849085109
3.161e-10,0.668454623629811,0.6673671849085109
3.162e-10,0.668454623629811,0.6673671849085109
3.163e-10,0.668454623629811,0.6673671849085109
3.164e-10,0.668454623629811,0.6673671849085109
3.165e-10,0.668454623629811,0.6673671849085109
3.166e-10,0.668454623629811,0.6673671849085109
3.167e-10,0.668454623629811,0.6673671849085109
3.168e-10,0.668454623629811,0.6673671849085109
3.169e-10,0.668454623629811,0.6673671849085109
3.17e-10,0.668454623629811,0.6673671849085109
3.171e-10,0.668454623629811,0.6673671849085109
3.172e-10,0.668454623629811,0.6673671849085109
3.173e-10,0.668454623629811,0.6673671849085109
3.174e-10,0.668454623629811,0.6673671849085109
3.175e-10,0.668454623629811,0.6673671849085109
3.176e-10,0.668454623629811,0.6673671849085109
3.177e-10,0.668454623629811,0.6673671849085109
3.178e-10,0.668454623629811,0.6673671849085109
3.179e-10,0.668454623629811,0.6673671849085109
3.18e-10,0.668454623629811,0.6673671849085109
3.181e-10,0.668454623629811,0.6673671849085109
3.182e-10,0.668454623629811,0.6673671849085109
3.183e-10,0.668454623629811,0.6673671849085109
3.184e-10,0.668454623629811,0.6673671849085109
3.185e-10,0.668454623629811,0.6673671849085109
3.186e-10,0.668454623629811,0.6673671849085109
3.187e-10,0.668454623629811,0.6673671849085109
3.188e-10,0.668454623629811,0.6673671849085109
3.189e-10,0.668454623629811,0.6673671849085109
3.19e-10,0.668454623629811,0.6673671849085109
3.191e-10,0.668454623629811,0.6673671849085109
3.192e-10,0.668454623629811,0.6673671849085109
3.193e-10,0.668454623629811,0.6673671849085109
3.194e-10,0.668454623629811,0.6673671849085109
3.195e-10,0.668454623629811,0.6673671849085109
3.196e-10,0.668454623629811,0.6673671849085109
3.197e-10,0.668454623629811,0.6673671849085109
3.198e-10,0.668454623629811,0.6673671849085109
3.199e-10,0.668454623629811,0.6673671849085109
3.2e-10,0.668454623629811,0.6673671849085109
3.201e-10,0.668454623629811,0.6673671849085109
3.202e-10,0.668454623629811,0.6673671849085109
3.203e-10,0.668454623629811,0.6673671849085109
3.204e-10,0.668454623629811,0.6673671849085109
3.205e-10,0.668454623629811,0.6673671849085109
3.206e-10,0.668454623629811,0.6673671849085109
3.207e-10,0.668454623629811,0.6673671849085109
3.208e-10,0.668454623629811,0.6673671849085109
3.209e-10,0.668454623629811,0.6673671849085109
3.21e-10,0.668454623629811,0.6673671849085109
3.211e-10,0.668454623629811,0.6674448023624022
3.212e-10,0.668454623629811,0.6675201054709493
3.213e-10,0.668454623629811,0.6675926500171228
3.214e-10,0.668454623629811,0.6676622617477511
3.215e-10,0.668454623629811,0.6677289070556486
3.216e-10,0.668454623629811,0.6677926250022244
3.217e-10,0.668454623629811,0.6678534914418992
3.218e-10,0.668454623629811,0.6679116000614147
3.219e-10,0.668454623629811,0.6679670523453094
3.22e-10,0.668454623629811,0.6680199522609127
3.221e-10,0.668454623629811,0.6680704034448117
3.222e-10,0.668454623629811,0.6681185077194467
3.223e-10,0.668454623629811,0.6681645176209611
3.224e-10,0.668454623629811,0.6681645176209611
3.225e-10,0.668454623629811,0.6682093368243285
3.226e-10,0.668454623629811,0.6682093368243285
3.227e-10,0.668454623629811,0.668252842674118
3.228e-10,0.668454623629811,0.668252842674118
3.229e-10,0.668454623629811,0.6682949539843064
3.23e-10,0.668454623629811,0.6682949539843064
3.231e-10,0.668454623629811,0.6682949539843064
3.232e-10,0.668454623629811,0.6683360734768599
3.233e-10,0.668454623629811,0.6683360734768599
3.234e-10,0.668454623629811,0.6683360734768599
3.235e-10,0.668454623629811,0.6683360734768599
3.236e-10,0.668454623629811,0.6683360734768599
3.237e-10,0.668454623629811,0.6683360734768599
3.238e-10,0.668454623629811,0.6683360734768599
3.239e-10,0.668454623629811,0.6683360734768599
3.24e-10,0.668454623629811,0.6683360734768599
3.241e-10,0.668454623629811,0.6683360734768599
3.242e-10,0.668454623629811,0.6683360734768599
3.243e-10,0.668454623629811,0.6683360734768599
3.244e-10,0.668454623629811,0.6683807185942031
3.245e-10,0.668454623629811,0.6683807185942031
3.246e-10,0.668454623629811,0.6684235955448873
3.247e-10,0.668454623629811,0.6684235955448873
3.248e-10,0.668454623629811,0.6684647214198438
3.249e-10,0.668454623629811,0.6684647214198438
3.25e-10,0.668454623629811,0.6685041238963537
3.251e-10,0.668454623629811,0.6685041238963537
3.252e-10,0.668454623629811,0.6685430460741635
3.253e-10,0.668454623629811,0.668581028156667
3.254e-10,0.668454623629811,0.6686179996223148
3.255e-10,0.668454623629811,0.6686539255254903
3.256e-10,0.668454623629811,0.6686887922201024
3.257e-10,0.668454623629811,0.6687225991617091
3.258e-10,0.668454623629811,0.6687553541509262
3.259e-10,0.668454623629811,0.6687870705188556
3.26e-10,0.668454623629811,0.6688177654160743
3.261e-10,0.668454623629811,0.6688474587347862
3.262e-10,0.668454623629811,0.6688761723992296
3.263e-10,0.668454623629811,0.6689039298744505
3.264e-10,0.668454623629811,0.6689307558081037
3.265e-10,0.668454623629811,0.6689566757562766
3.266e-10,0.668454623629811,0.668983172788862
3.267e-10,0.668454623629811,0.6690105591949443
3.268e-10,0.668454623629811,0.6690385325349681
3.269e-10,0.668454623629811,0.6690668779586759
3.27e-10,0.668454623629811,0.6690954361356095
3.271e-10,0.668454623629811,0.6691240843491274
3.272e-10,0.668454623629811,0.6691527251939574
3.273e-10,0.668454623629811,0.669181279681516
3.274e-10,0.668454623629811,0.6692096829171598
3.275e-10,0.668454623629811,0.6692378812915136
3.276e-10,0.668454623629811,0.6692658305741455
3.277e-10,0.668454623629811,0.6692934945543333
3.278e-10,0.668454623629811,0.6693208440215211
3.279e-10,0.668454623629811,0.6693478559635339
3.28e-10,0.668454623629811,0.6693757713484468
3.281e-10,0.668454623629811,0.6694055681287263
3.282e-10,0.668454623629811,0.669436767503385
3.283e-10,0.668454623629811,0.6694690631075924
3.284e-10,0.668454623629811,0.6695022196989869
3.285e-10,0.668454623629811,0.6695360502561455
3.286e-10,0.668454623629811,0.6695704024374382
3.287e-10,0.668454623629811,0.6696051501038016
3.288e-10,0.668454623629811,0.6696403992459351
3.289e-10,0.668454623629811,0.6696763085735723
3.29e-10,0.668454623629811,0.6697128145229788
3.291e-10,0.668454623629811,0.6697498557331563
3.292e-10,0.668454623629811,0.6697873766004138
3.293e-10,0.668454623629811,0.6698253290387656
3.294e-10,0.668454623629811,0.6698640505415198
3.295e-10,0.668454623629811,0.6699056700006656
3.296e-10,0.668454623629811,0.6699494855256597
3.297e-10,0.668454623629811,0.6699950140276215
3.298e-10,0.668454623629811,0.6700419124144158
3.299e-10,0.668454623629811,0.6700899285027855
3.3e-10,0.668454623629811,0.6701388707847863
3.301e-10,0.668454623629811,0.6701885896583285
3.302e-10,0.668454623629811,0.6702389656461066
3.303e-10,0.668454623629811,0.6702899018891142
3.304e-10,0.668454623629811,0.6703413192667929
3.305e-10,0.668454623629811,0.6703931531413421
3.306e-10,0.668454623629811,0.6704453511151026
3.307e-10,0.668454623629811,0.6704978714275853
3.308e-10,0.668454623629811,0.6705506817632382
3.309e-10,0.668454623629811,0.6706076846340427
3.31e-10,0.668454623629811,0.6706684562317412
3.311e-10,0.668454623629811,0.6707320841554961
3.312e-10,0.668454623629811,0.6707979354158581
3.313e-10,0.668454623629811,0.6708655587500663
3.314e-10,0.668454623629811,0.6709346226984024
3.315e-10,0.668454623629811,0.6710084763812693
3.316e-10,0.668454623629811,0.6710912732588329
3.317e-10,0.668454623629811,0.6711804913718528
3.318e-10,0.668454623629811,0.6712742934713913
3.319e-10,0.668454623629811,0.6713713714042966
3.32e-10,0.668454623629811,0.6714707799238772
3.321e-10,0.668454623629811,0.6715697156464692
3.322e-10,0.668454623629811,0.6716638363117333
3.323e-10,0.668454623629811,0.671754449873296
3.324e-10,0.668454623629811,0.6718424623487033
3.325e-10,0.668454623629811,0.6719285732984358
3.326e-10,0.668454623629811,0.672013303072556
3.327e-10,0.668454623629811,0.6720970368481586
3.328e-10,0.668454623629811,0.6721800580897765
3.329e-10,0.668454623629811,0.6722625739518878
3.33e-10,0.668454623629811,0.6723455413038468
3.331e-10,0.668454623629811,0.6724327941601836
3.332e-10,0.668454623629811,0.6725229782580193
3.333e-10,0.668454623629811,0.6726152185407684
3.334e-10,0.668454623629811,0.6727088398171711
3.335e-10,0.668454623629811,0.6728033198324614
3.336e-10,0.668454623629811,0.6728982532763699
3.337e-10,0.668454623629811,0.6729935322287212
3.338e-10,0.668454623629811,0.6730838660619566
3.339e-10,0.668454623629811,0.6731700940294265
3.34e-10,0.668454623629811,0.673252873674428
3.341e-10,0.668454623629811,0.6733327161405545
3.342e-10,0.668454623629811,0.6734112767777959
3.343e-10,0.668454623629811,0.6734956432017793
3.344e-10,0.668454623629811,0.6735851847065756
3.345e-10,0.668454623629811,0.673679062628086
3.346e-10,0.668454623629811,0.6737765893054661
3.347e-10,0.668454623629811,0.6738772014971738
3.348e-10,0.668454623629811,0.6739804387349823
3.349e-10,0.668454623629811,0.6740859255308513
3.35e-10,0.668454623629811,0.6741933567264938
3.351e-10,0.668454623629811,0.6743024854155528
3.352e-10,0.668454623629811,0.6744078619610714
3.353e-10,0.668454623629811,0.6745108534047518
3.354e-10,0.668454623629811,0.6746119872201481
3.355e-10,0.668454623629811,0.6747118122009685
3.356e-10,0.668454623629811,0.6748108369439684
3.357e-10,0.668454623629811,0.6749094915472945
3.358e-10,0.668454623629811,0.67500813735998
3.359e-10,0.668454623629811,0.6751070754610947
3.36e-10,0.668454623629811,0.6752065540303032
3.361e-10,0.668454623629811,0.6753067747808085
3.362e-10,0.668454623629811,0.6754113339903677
3.363e-10,0.668454623629811,0.6755213620022438
3.364e-10,0.668454623629811,0.6756362770744482
3.365e-10,0.668454623629811,0.6757553488734303
3.366e-10,0.668454623629811,0.6758782388923552
3.367e-10,0.668454623629811,0.675999383709271
3.368e-10,0.668454623629811,0.6761182167735178
3.369e-10,0.668454623629811,0.6762349252183725
3.37e-10,0.668454623629811,0.6763496889412463
3.371e-10,0.668454623629811,0.676462353100732
3.372e-10,0.668454623629811,0.6765729274361529
3.373e-10,0.668454623629811,0.6766817323028695
3.374e-10,0.668454623629811,0.6767890433375385
3.375e-10,0.668454623629811,0.6768950946746216
3.376e-10,0.668454623629811,0.6770000822672815
3.377e-10,0.668454623629811,0.6771041670975224
3.378e-10,0.668454623629811,0.6772053114006854
3.379e-10,0.668454623629811,0.6773029750520841
3.38e-10,0.668454623629811,0.6773970903823278
3.381e-10,0.668454623629811,0.6774875327445732
3.382e-10,0.668454623629811,0.6775742121035988
3.383e-10,0.668454623629811,0.6776570388106742
3.384e-10,0.668454623629811,0.6777359249481634
3.385e-10,0.668454623629811,0.6778107856089899
3.386e-10,0.668454623629811,0.6778850740232736
3.387e-10,0.668454623629811,0.6779566141183074
3.388e-10,0.668454623629811,0.6780243239679246
3.389e-10,0.668454623629811,0.6780882693026392
3.39e-10,0.668454623629811,0.6781485162816946
3.391e-10,0.668454623629811,0.6782051293950617
3.392e-10,0.668454623629811,0.678258170945945
3.393e-10,0.668454623629811,0.6783077005865004
3.394e-10,0.668454623629811,0.6783482745329357
3.395e-10,0.668454623629811,0.6783806242108434
3.396e-10,0.668454623629811,0.6784049406380717
3.397e-10,0.668454623629811,0.6784213125944065
3.398e-10,0.668454623629811,0.6784301054511145
3.399e-10,0.668454623629811,0.6784317205218439
3.4e-10,0.668454623629811,0.6784265369205997
3.401e-10,0.668454623629811,0.6784149121558486
3.402e-10,0.668454623629811,0.678397350605979
3.403e-10,0.668454623629811,0.678375549964997
3.404e-10,0.668454623629811,0.6783497987579685
3.405e-10,0.668454623629811,0.67832025314374
3.406e-10,0.668454623629811,0.6782870557748888
3.407e-10,0.668454623629811,0.6782503368040964
3.408e-10,0.668454623629811,0.6782102148605532
3.409e-10,0.668454623629811,0.6781659909378427
3.41e-10,0.668454623629811,0.6781177378583034
3.411e-10,0.668454623629811,0.6780858648822022
3.412e-10,0.668454623629811,0.6780466652035048
3.413e-10,0.668454623629811,0.6779986760287365
3.414e-10,0.668454623629811,0.6779419867218207
3.415e-10,0.668454623629811,0.6778774843949541
3.416e-10,0.668454623629811,0.6778052634063172
3.417e-10,0.668454623629811,0.677725390026025
3.418e-10,0.668454623629811,0.677638680481472
3.419e-10,0.668454623629811,0.6775458849567739
3.42e-10,0.668454623629811,0.6774476927869283
3.421e-10,0.668454623629811,0.6773447373089624
3.422e-10,0.668454623629811,0.6772376003107157
3.423e-10,0.668454623629811,0.6771268161118833
3.424e-10,0.668454623629811,0.6770128753089756
3.425e-10,0.668454623629811,0.676896228213108
3.426e-10,0.668454623629811,0.6767772880070141
3.427e-10,0.668454623629811,0.6766560440967042
3.428e-10,0.668454623629811,0.6765320960715643
3.429e-10,0.668454623629811,0.6764059237404576
3.43e-10,0.668454623629811,0.6762779567540941
3.431e-10,0.668454623629811,0.6761485865027023
3.432e-10,0.668454623629811,0.6760181691710287
3.433e-10,0.668454623629811,0.6758870285538996
3.434e-10,0.668454623629811,0.6757554586508794
3.435e-10,0.668454623629811,0.6756237260573061
3.436e-10,0.668454623629811,0.6754920721676376
3.437e-10,0.668454623629811,0.6753607152058074
3.438e-10,0.668454623629811,0.6752298520961492
3.439e-10,0.668454623629811,0.675099660187392
3.44e-10,0.668454623629811,0.6749702988412586
3.441e-10,0.668454623629811,0.6748419108962971
3.442e-10,0.668454623629811,0.6747146240167474
3.443e-10,0.668454623629811,0.674588551935476
3.444e-10,0.668454623629811,0.6744637955993023
3.445e-10,0.668454623629811,0.6743404442243898
3.446e-10,0.668454623629811,0.6742185762687657
3.447e-10,0.668454623629811,0.6740982603284807
3.448e-10,0.668454623629811,0.673979555963404
3.449e-10,0.668454623629811,0.6738625144581752
3.45e-10,0.668454623629811,0.6737471795234005
3.451e-10,0.668454623629811,0.6736335879417733
3.452e-10,0.668454623629811,0.673521770163436
3.453e-10,0.668454623629811,0.6734117508545501
3.454e-10,0.668454623629811,0.6733035494027363
3.455e-10,0.668454623629811,0.6731971803827488
3.456e-10,0.668454623629811,0.673092653985488
3.457e-10,0.668454623629811,0.672989976413208
3.458e-10,0.668454623629811,0.6728891502435488
3.459e-10,0.668454623629811,0.672790174764819
3.46e-10,0.668454623629811,0.6726930462847607
3.461e-10,0.668454623629811,0.6725977584148543
3.462e-10,0.668454623629811,0.672504302332058
3.463e-10,0.668454623629811,0.672412667019731
3.464e-10,0.668454623629811,0.672322839489347
3.465e-10,0.668454623629811,0.6722348049844866
3.466e-10,0.668454623629811,0.6721485471684725
3.467e-10,0.668454623629811,0.672064048296912
3.468e-10,0.668454623629811,0.6719812893763092
3.469e-10,0.668454623629811,0.6719002503098197
3.47e-10,0.668454623629811,0.6718209100311376
3.471e-10,0.668454623629811,0.6717432466274289
3.472e-10,0.668454623629811,0.6716672374521522
3.473e-10,0.668454623629811,0.6715928592285458
3.474e-10,0.668454623629811,0.6715200881444986
3.475e-10,0.668454623629811,0.6714488999394655
3.476e-10,0.668454623629811,0.6713790837004623
3.477e-10,0.668454623629811,0.6713105887202198
3.478e-10,0.668454623629811,0.6712434283159686
3.479e-10,0.668454623629811,0.6711776295465838
3.48e-10,0.668454623629811,0.6711131838767669
3.481e-10,0.668454623629811,0.6710500812908159
3.482e-10,0.668454623629811,0.6709883105060418
3.483e-10,0.668454623629811,0.6709278590956831
3.484e-10,0.668454623629811,0.6708687136030081
3.485e-10,0.668454623629811,0.670810859647253
3.486e-10,0.668454623629811,0.6707542820219814
3.487e-10,0.668454623629811,0.6706989647864051
3.488e-10,0.668454623629811,0.6706448913501535
3.489e-10,0.668454623629811,0.670592044551945
3.49e-10,0.668454623629811,0.6705404067325754
3.491e-10,0.668454623629811,0.670489959802605
3.492e-10,0.668454623629811,0.6704406853051
3.493e-10,0.668454623629811,0.6703925644737575
3.494e-10,0.668454623629811,0.6703455782867164
3.495e-10,0.668454623629811,0.670299707516341
3.496e-10,0.668454623629811,0.6702549327752397
3.497e-10,0.668454623629811,0.6702112345587639
3.498e-10,0.668454623629811,0.6701685932842191
3.499e-10,0.668454623629811,0.6701269893270011
3.5e-10,0.668454623629811,0.670086403053858
3.501e-10,0.668454623629811,0.6700468148534652
3.502e-10,0.668454623629811,0.6700468148534652
3.503e-10,0.668454623629811,0.6700468148534652
3.504e-10,0.668454623629811,0.6700468148534652
3.505e-10,0.668454623629811,0.6700468148534652
3.506e-10,0.668454623629811,0.6700468148534652
3.507e-10,0.668454623629811,0.6700468148534652
3.508e-10,0.668454623629811,0.6700468148534652
3.509e-10,0.668454623629811,0.6700468148534652
3.51e-10,0.668454623629811,0.6700468148534652
3.511e-10,0.668454623629811,0.6700468148534652
3.512e-10,0.668454623629811,0.6700468148534652
3.513e-10,0.668454623629811,0.6700468148534652
3.514e-10,0.668454623629811,0.6700468148534652
3.515e-10,0.668454623629811,0.6700468148534652
3.516e-10,0.668454623629811,0.6700468148534652
3.517e-10,0.668454623629811,0.6700468148534652
3.518e-10,0.668454623629811,0.6700468148534652
3.519e-10,0.668454623629811,0.6700468148534652
3.52e-10,0.668454623629811,0.6700468148534652
3.521e-10,0.668454623629811,0.6700468148534652
3.522e-10,0.668454623629811,0.6700468148534652
3.523e-10,0.668454623629811,0.6700468148534652
3.524e-10,0.668454623629811,0.6700468148534652
3.525e-10,0.668454623629811,0.6700468148534652
3.526e-10,0.668454623629811,0.6700468148534652
3.527e-10,0.668454623629811,0.6700468148534652
3.528e-10,0.668454623629811,0.6700468148534652
3.529e-10,0.668454623629811,0.6700468148534652
3.53e-10,0.668454623629811,0.6700468148534652
3.531e-10,0.668454623629811,0.6700468148534652
3.532e-10,0.668454623629811,0.6700468148534652
3.533e-10,0.668454623629811,0.6700468148534652
3.534e-10,0.668454623629811,0.6700468148534652
3.535e-10,0.668454623629811,0.6700468148534652
3.536e-10,0.668454623629811,0.6700468148534652
3.537e-10,0.668454623629811,0.6700468148534652
3.538e-10,0.668454623629811,0.6700468148534652
3.539e-10,0.668454623629811,0.6700468148534652
3.54e-10,0.668454623629811,0.6700468148534652
3.541e-10,0.668454623629811,0.6700468148534652
3.542e-10,0.668454623629811,0.6700468148534652
3.543e-10,0.668454623629811,0.6700468148534652
3.544e-10,0.668454623629811,0.6700468148534652
3.545e-10,0.668454623629811,0.6700468148534652
3.546e-10,0.668454623629811,0.6700468148534652
3.547e-10,0.668454623629811,0.6700468148534652
3.548e-10,0.668454623629811,0.6700468148534652
3.549e-10,0.668454623629811,0.6700468148534652
3.55e-10,0.668454623629811,0.6700468148534652
3.551e-10,0.668454623629811,0.6700468148534652
3.552e-10,0.668454623629811,0.6700468148534652
3.553e-10,0.668454623629811,0.6700468148534652
3.554e-10,0.668454623629811,0.6700468148534652
3.555e-10,0.668454623629811,0.6700468148534652
3.556e-10,0.668454623629811,0.6700468148534652
3.557e-10,0.668454623629811,0.6700468148534652
3.558e-10,0.668454623629811,0.6700468148534652
3.559e-10,0.668454623629811,0.6700468148534652
3.56e-10,0.668454623629811,0.6700468148534652
3.561e-10,0.668454623629811,0.6700468148534652
3.562e-10,0.668454623629811,0.6700468148534652
3.563e-10,0.668454623629811,0.6700468148534652
3.564e-10,0.668454623629811,0.6700468148534652
3.565e-10,0.668454623629811,0.6700468148534652
3.566e-10,0.668454623629811,0.6700468148534652
3.567e-10,0.668454623629811,0.6700468148534652
3.568e-10,0.668454623629811,0.6700468148534652
3.569e-10,0.668454623629811,0.6700468148534652
3.57e-10,0.668454623629811,0.6700468148534652
3.571e-10,0.668454623629811,0.6700468148534652
3.572e-10,0.668454623629811,0.6700468148534652
3.573e-10,0.668454623629811,0.6700468148534652
3.574e-10,0.668454623629811,0.6700468148534652
3.575e-10,0.668454623629811,0.6700468148534652
3.576e-10,0.668454623629811,0.6700468148534652
3.577e-10,0.668454623629811,0.6700468148534652
3.578e-10,0.668454623629811,0.6700468148534652
3.579e-10,0.668454623629811,0.6700468148534652
3.58e-10,0.668454623629811,0.6700468148534652
3.581e-10,0.668454623629811,0.6700468148534652
3.582e-10,0.668454623629811,0.6700468148534652
3.583e-10,0.668454623629811,0.6700468148534652
3.584e-10,0.668454623629811,0.6700468148534652
3.585e-10,0.668454623629811,0.6700468148534652
3.586e-10,0.668454623629811,0.6700468148534652
3.587e-10,0.668454623629811,0.6700468148534652
3.588e-10,0.668454623629811,0.6700468148534652
3.589e-10,0.668454623629811,0.6700468148534652
3.59e-10,0.668454623629811,0.6700468148534652
3.591e-10,0.668454623629811,0.6700468148534652
3.592e-10,0.668454623629811,0.6700468148534652
3.593e-10,0.668454623629811,0.6700468148534652
3.594e-10,0.668454623629811,0.6700468148534652
3.595e-10,0.668454623629811,0.6700468148534652
3.596e-10,0.668454623629811,0.6700468148534652
3.597e-10,0.668454623629811,0.6700468148534652
3.598e-10,0.668454623629811,0.6700468148534652
3.599e-10,0.668454623629811,0.6700468148534652
3.6e-10,0.668454623629811,0.6700468148534652
3.601e-10,0.668454623629811,0.6700468148534652
3.602e-10,0.668454623629811,0.6700468148534652
3.603e-10,0.668454623629811,0.6700468148534652
3.604e-10,0.668454623629811,0.6700468148534652
3.605e-10,0.668454623629811,0.6700468148534652
3.606e-10,0.668454623629811,0.6700468148534652
3.607e-10,0.668454623629811,0.6700468148534652
3.608e-10,0.668454623629811,0.6700468148534652
3.609e-10,0.668454623629811,0.6700468148534652
3.61e-10,0.668454623629811,0.6700468148534652
3.611e-10,0.668454623629811,0.6700468148534652
3.612e-10,0.668454623629811,0.6700468148534652
3.613e-10,0.668454623629811,0.6700468148534652
3.614e-10,0.668454623629811,0.6700468148534652
3.615e-10,0.668454623629811,0.6700468148534652
3.616e-10,0.668454623629811,0.6700468148534652
3.617e-10,0.668454623629811,0.6700468148534652
3.618e-10,0.668454623629811,0.6700468148534652
3.619e-10,0.668454623629811,0.6700468148534652
3.62e-10,0.668454623629811,0.6700468148534652
3.621e-10,0.668454623629811,0.6700468148534652
3.622e-10,0.668454623629811,0.6700468148534652
3.623e-10,0.668454623629811,0.6700468148534652
3.624e-10,0.668454623629811,0.6700468148534652
3.625e-10,0.668454623629811,0.6700468148534652
3.626e-10,0.668454623629811,0.6700468148534652
3.627e-10,0.668454623629811,0.6700468148534652
3.628e-10,0.668454623629811,0.6700468148534652
3.629e-10,0.668454623629811,0.6700468148534652
3.63e-10,0.668454623629811,0.6700468148534652
3.631e-10,0.668454623629811,0.6700468148534652
3.632e-10,0.668454623629811,0.6700468148534652
3.633e-10,0.668454623629811,0.6700468148534652
3.634e-10,0.668454623629811,0.6700468148534652
3.635e-10,0.668454623629811,0.6700468148534652
3.636e-10,0.668454623629811,0.6700468148534652
3.637e-10,0.668454623629811,0.6700468148534652
3.638e-10,0.668454623629811,0.6700468148534652
3.639e-10,0.668454623629811,0.6700468148534652
3.64e-10,0.668454623629811,0.6700468148534652
3.641e-10,0.668454623629811,0.6700468148534652
3.642e-10,0.668454623629811,0.6700468148534652
3.643e-10,0.668454623629811,0.6700468148534652
3.644e-10,0.668454623629811,0.6700468148534652
3.645e-10,0.668454623629811,0.6700468148534652
3.646e-10,0.668454623629811,0.6700468148534652
3.647e-10,0.668454623629811,0.6700468148534652
3.648e-10,0.668454623629811,0.6700468148534652
3.649e-10,0.668454623629811,0.6700468148534652
3.65e-10,0.668454623629811,0.6700468148534652
3.651e-10,0.668454623629811,0.6700468148534652
3.652e-10,0.668454623629811,0.6700468148534652
3.653e-10,0.668454623629811,0.6700468148534652
3.654e-10,0.668454623629811,0.6700468148534652
3.655e-10,0.668454623629811,0.6700468148534652
3.656e-10,0.668454623629811,0.6700468148534652
3.657e-10,0.668454623629811,0.6700468148534652
3.658e-10,0.668454623629811,0.6700468148534652
3.659e-10,0.668454623629811,0.6700468148534652
3.66e-10,0.668454623629811,0.6700468148534652
3.661e-10,0.668454623629811,0.6700468148534652
3.662e-10,0.668454623629811,0.6700468148534652
3.663e-10,0.668454623629811,0.6700468148534652
3.664e-10,0.668454623629811,0.6700468148534652
3.665e-10,0.668454623629811,0.6700468148534652
3.666e-10,0.668454623629811,0.6700468148534652
3.667e-10,0.668454623629811,0.6700468148534652
3.668e-10,0.668454623629811,0.6700468148534652
3.669e-10,0.668454623629811,0.6700468148534652
3.67e-10,0.668454623629811,0.6700468148534652
3.671e-10,0.668454623629811,0.6700468148534652
3.672e-10,0.668454623629811,0.6700468148534652
3.673e-10,0.668454623629811,0.6700468148534652
3.674e-10,0.668454623629811,0.6700468148534652
3.675e-10,0.668454623629811,0.6700468148534652
3.676e-10,0.668454623629811,0.6700468148534652
3.677e-10,0.668454623629811,0.6700468148534652
3.678e-10,0.668454623629811,0.6700468148534652
3.679e-10,0.668454623629811,0.6700468148534652
3.68e-10,0.668454623629811,0.6700468148534652
3.681e-10,0.668454623629811,0.6700468148534652
3.682e-10,0.668454623629811,0.6700468148534652
3.683e-10,0.668454623629811,0.6700468148534652
3.684e-10,0.668454623629811,0.6700468148534652
3.685e-10,0.668454623629811,0.6700468148534652
3.686e-10,0.668454623629811,0.6700468148534652
3.687e-10,0.668454623629811,0.6700468148534652
3.688e-10,0.668454623629811,0.6700468148534652
3.689e-10,0.668454623629811,0.6700468148534652
3.69e-10,0.668454623629811,0.6700468148534652
3.691e-10,0.668454623629811,0.6700468148534652
3.692e-10,0.668454623629811,0.6700468148534652
3.693e-10,0.668454623629811,0.6700468148534652
3.694e-10,0.668454623629811,0.6700468148534652
3.695e-10,0.668454623629811,0.6700468148534652
3.696e-10,0.668454623629811,0.6700468148534652
3.697e-10,0.668454623629811,0.6700468148534652
3.698e-10,0.668454623629811,0.6700468148534652
3.699e-10,0.668454623629811,0.6700468148534652
3.7e-10,0.668454623629811,0.6700468148534652
3.701e-10,0.668454623629811,0.6700468148534652
3.702e-10,0.668454623629811,0.6700468148534652
3.703e-10,0.668454623629811,0.6700468148534652
3.704e-10,0.668454623629811,0.6700468148534652
3.705e-10,0.668454623629811,0.6700468148534652
3.706e-10,0.668454623629811,0.6700468148534652
3.707e-10,0.668454623629811,0.6700468148534652
3.708e-10,0.668454623629811,0.6700468148534652
3.709e-10,0.668454623629811,0.6700468148534652
3.71e-10,0.668454623629811,0.6700468148534652
3.711e-10,0.668454623629811,0.6700468148534652
3.712e-10,0.668454623629811,0.6700468148534652
3.713e-10,0.668454623629811,0.6700468148534652
3.714e-10,0.668454623629811,0.6700468148534652
3.715e-10,0.668454623629811,0.6700468148534652
3.716e-10,0.668454623629811,0.6700468148534652
3.717e-10,0.668454623629811,0.6700468148534652
3.718e-10,0.668454623629811,0.6700468148534652
3.719e-10,0.668454623629811,0.6700468148534652
3.72e-10,0.668454623629811,0.6700468148534652
3.721e-10,0.668454623629811,0.6700468148534652
3.722e-10,0.668454623629811,0.6700468148534652
3.723e-10,0.668454623629811,0.6700468148534652
3.724e-10,0.668454623629811,0.6700468148534652
3.725e-10,0.668454623629811,0.6700468148534652
3.726e-10,0.668454623629811,0.6700468148534652
3.727e-10,0.668454623629811,0.6700468148534652
3.728e-10,0.668454623629811,0.6700468148534652
3.729e-10,0.668454623629811,0.6700468148534652
3.73e-10,0.668454623629811,0.6700468148534652
3.731e-10,0.668454623629811,0.6700468148534652
3.732e-10,0.668454623629811,0.6700468148534652
3.733e-10,0.668454623629811,0.6700468148534652
3.734e-10,0.668454623629811,0.6700468148534652
3.735e-10,0.668454623629811,0.6700468148534652
3.736e-10,0.668454623629811,0.6700468148534652
3.737e-10,0.668454623629811,0.6700468148534652
3.738e-10,0.668454623629811,0.6700468148534652
3.739e-10,0.668454623629811,0.6700468148534652
3.74e-10,0.668454623629811,0.6700468148534652
3.741e-10,0.668454623629811,0.6700468148534652
3.742e-10,0.668454623629811,0.6700468148534652
3.743e-10,0.668454623629811,0.6700468148534652
3.744e-10,0.668454623629811,0.6700468148534652
3.745e-10,0.668454623629811,0.6700468148534652
3.746e-10,0.668454623629811,0.6700468148534652
3.747e-10,0.668454623629811,0.6700468148534652
3.748e-10,0.668454623629811,0.6700468148534652
3.749e-10,0.668454623629811,0.6700468148534652
3.75e-10,0.668454623629811,0.6700468148534652
3.751e-10,0.668454623629811,0.6700468148534652
3.752e-10,0.668454623629811,0.6700468148534652
3.753e-10,0.668454623629811,0.6700468148534652
3.754e-10,0.668454623629811,0.6700468148534652
3.755e-10,0.668454623629811,0.6700468148534652
3.756e-10,0.668454623629811,0.6700468148534652
3.757e-10,0.668454623629811,0.6700468148534652
3.758e-10,0.668454623629811,0.6700468148534652
3.759e-10,0.668454623629811,0.6700468148534652
3.76e-10,0.668454623629811,0.6700468148534652
3.761e-10,0.668454623629811,0.6700468148534652
3.762e-10,0.668454623629811,0.6700468148534652
3.763e-10,0.668454623629811,0.6700468148534652
3.764e-10,0.668454623629811,0.6700468148534652
3.765e-10,0.668454623629811,0.6700468148534652
3.766e-10,0.668454623629811,0.6700468148534652
3.767e-10,0.668454623629811,0.6700468148534652
3.768e-10,0.668454623629811,0.6700468148534652
3.769e-10,0.668454623629811,0.6700468148534652
3.77e-10,0.668454623629811,0.6700468148534652
3.771e-10,0.668454623629811,0.6700468148534652
3.772e-10,0.668454623629811,0.6700468148534652
3.773e-10,0.668454623629811,0.6700468148534652
3.774e-10,0.668454623629811,0.6700468148534652
3.775e-10,0.668454623629811,0.6700468148534652
3.776e-10,0.668454623629811,0.6700468148534652
3.777e-10,0.668454623629811,0.6700468148534652
3.778e-10,0.668454623629811,0.6700468148534652
3.779e-10,0.668454623629811,0.6700468148534652
3.78e-10,0.668454623629811,0.6700468148534652
3.781e-10,0.668454623629811,0.6700468148534652
3.782e-10,0.668454623629811,0.6700468148534652
3.783e-10,0.668454623629811,0.6700468148534652
3.784e-10,0.668454623629811,0.6700468148534652
3.785e-10,0.668454623629811,0.6700468148534652
3.786e-10,0.668454623629811,0.6700468148534652
3.787e-10,0.668454623629811,0.6700468148534652
3.788e-10,0.668454623629811,0.6700468148534652
3.789e-10,0.668454623629811,0.6700468148534652
3.79e-10,0.668454623629811,0.6700468148534652
3.791e-10,0.668454623629811,0.6700468148534652
3.792e-10,0.668454623629811,0.6700468148534652
3.793e-10,0.668454623629811,0.6700468148534652
3.794e-10,0.668454623629811,0.6700468148534652
3.795e-10,0.668454623629811,0.6700468148534652
3.796e-10,0.668454623629811,0.6700468148534652
3.797e-10,0.668454623629811,0.6700468148534652
3.798e-10,0.668454623629811,0.6700468148534652
3.799e-10,0.668454623629811,0.6700468148534652
3.8e-10,0.668454623629811,0.6700468148534652
3.801e-10,0.668454623629811,0.6700468148534652
3.802e-10,0.668454623629811,0.6700468148534652
3.803e-10,0.668454623629811,0.6700468148534652
3.804e-10,0.668454623629811,0.6700468148534652
3.805e-10,0.668454623629811,0.6700468148534652
3.806e-10,0.668454623629811,0.6700468148534652
3.807e-10,0.668454623629811,0.6700468148534652
3.808e-10,0.668454623629811,0.6700468148534652
3.809e-10,0.668454623629811,0.6700468148534652
3.81e-10,0.668454623629811,0.6700468148534652
3.811e-10,0.668454623629811,0.6700468148534652
3.812e-10,0.668454623629811,0.6700468148534652
3.813e-10,0.668454623629811,0.6700468148534652
3.814e-10,0.668454623629811,0.6700468148534652
3.815e-10,0.668454623629811,0.6700468148534652
3.816e-10,0.668454623629811,0.6700468148534652
3.817e-10,0.668454623629811,0.6700468148534652
3.818e-10,0.668454623629811,0.6700468148534652
3.819e-10,0.668454623629811,0.6700468148534652
3.82e-10,0.668454623629811,0.6700468148534652
3.821e-10,0.668454623629811,0.6700468148534652
3.822e-10,0.668454623629811,0.6700468148534652
3.823e-10,0.668454623629811,0.6700468148534652
3.824e-10,0.668454623629811,0.6700468148534652
3.825e-10,0.668454623629811,0.6700468148534652
3.826e-10,0.668454623629811,0.6700468148534652
3.827e-10,0.668454623629811,0.6700468148534652
3.828e-10,0.668454623629811,0.6700468148534652
3.829e-10,0.668454623629811,0.6700468148534652
3.83e-10,0.668454623629811,0.6700468148534652
3.831e-10,0.668454623629811,0.6700468148534652
3.832e-10,0.668454623629811,0.6700468148534652
3.833e-10,0.668454623629811,0.6700468148534652
3.834e-10,0.668454623629811,0.6700468148534652
3.835e-10,0.668454623629811,0.6700468148534652
3.836e-10,0.668454623629811,0.6700468148534652
3.837e-10,0.668454623629811,0.6700468148534652
3.838e-10,0.668454623629811,0.6700468148534652
3.839e-10,0.668454623629811,0.6700468148534652
3.84e-10,0.668454623629811,0.6700468148534652
3.841e-10,0.668454623629811,0.6700468148534652
3.842e-10,0.668454623629811,0.6700468148534652
3.843e-10,0.668454623629811,0.6700468148534652
3.844e-10,0.668454623629811,0.6700468148534652
3.845e-10,0.668454623629811,0.6700468148534652
3.846e-10,0.668454623629811,0.6700468148534652
3.847e-10,0.668454623629811,0.6700468148534652
3.848e-10,0.668454623629811,0.6700468148534652
3.849e-10,0.668454623629811,0.6700468148534652
3.85e-10,0.668454623629811,0.6700468148534652
3.851e-10,0.668454623629811,0.6700468148534652
3.852e-10,0.668454623629811,0.6700468148534652
3.853e-10,0.668454623629811,0.6700468148534652
3.854e-10,0.668454623629811,0.6700468148534652
3.855e-10,0.668454623629811,0.6700468148534652
3.856e-10,0.668454623629811,0.6700468148534652
3.857e-10,0.668454623629811,0.6700468148534652
3.858e-10,0.668454623629811,0.6700468148534652
3.859e-10,0.668454623629811,0.6700468148534652
3.86e-10,0.668454623629811,0.6700468148534652
3.861e-10,0.668454623629811,0.6700468148534652
3.862e-10,0.668454623629811,0.6700468148534652
3.863e-10,0.668454623629811,0.6700468148534652
3.864e-10,0.668454623629811,0.6700468148534652
3.865e-10,0.668454623629811,0.6700468148534652
3.866e-10,0.668454623629811,0.6700468148534652
3.867e-10,0.668454623629811,0.6700468148534652
3.868e-10,0.668454623629811,0.6700468148534652
3.869e-10,0.668454623629811,0.6700468148534652
3.87e-10,0.668454623629811,0.6700468148534652
3.871e-10,0.668454623629811,0.6700468148534652
3.872e-10,0.668454623629811,0.6700468148534652
3.873e-10,0.668454623629811,0.6700468148534652
3.874e-10,0.668454623629811,0.6700468148534652
3.875e-10,0.668454623629811,0.6700468148534652
3.876e-10,0.668454623629811,0.6700468148534652
3.877e-10,0.668454623629811,0.6700468148534652
3.878e-10,0.668454623629811,0.6700468148534652
3.879e-10,0.668454623629811,0.6700468148534652
3.88e-10,0.668454623629811,0.6700468148534652
3.881e-10,0.668454623629811,0.6700468148534652
3.882e-10,0.668454623629811,0.6700468148534652
3.883e-10,0.668454623629811,0.6700468148534652
3.884e-10,0.668454623629811,0.6700468148534652
3.885e-10,0.668454623629811,0.6700468148534652
3.886e-10,0.668454623629811,0.6700468148534652
3.887e-10,0.668454623629811,0.6700468148534652
3.888e-10,0.668454623629811,0.6700468148534652
3.889e-10,0.668454623629811,0.6700468148534652
3.89e-10,0.668454623629811,0.6700468148534652
3.891e-10,0.668454623629811,0.6700468148534652
3.892e-10,0.668454623629811,0.6700468148534652
3.893e-10,0.668454623629811,0.6700468148534652
3.894e-10,0.668454623629811,0.6700468148534652
3.895e-10,0.668454623629811,0.6700468148534652
3.896e-10,0.668454623629811,0.6700468148534652
3.897e-10,0.668454623629811,0.6700468148534652
3.898e-10,0.668454623629811,0.6700468148534652
3.899e-10,0.668454623629811,0.6700468148534652
3.9e-10,0.668454623629811,0.6700468148534652
3.901e-10,0.668454623629811,0.6700468148534652
3.902e-10,0.668454623629811,0.6700468148534652
3.903e-10,0.668454623629811,0.6700468148534652
3.904e-10,0.668454623629811,0.6700468148534652
3.905e-10,0.668454623629811,0.6700468148534652
3.906e-10,0.668454623629811,0.6700468148534652
3.907e-10,0.668454623629811,0.6700468148534652
3.908e-10,0.668454623629811,0.6700468148534652
3.909e-10,0.668454623629811,0.6700468148534652
3.91e-10,0.668454623629811,0.6700468148534652
3.911e-10,0.668454623629811,0.6700468148534652
3.912e-10,0.668454623629811,0.6700468148534652
3.913e-10,0.668454623629811,0.6700468148534652
3.914e-10,0.668454623629811,0.6700468148534652
3.915e-10,0.668454623629811,0.6700468148534652
3.916e-10,0.668454623629811,0.6700468148534652
3.917e-10,0.668454623629811,0.6700468148534652
3.918e-10,0.668454623629811,0.6700468148534652
3.919e-10,0.668454623629811,0.6700468148534652
3.92e-10,0.668454623629811,0.6700468148534652
3.921e-10,0.668454623629811,0.6700468148534652
3.922e-10,0.668454623629811,0.6700468148534652
3.923e-10,0.668454623629811,0.6700468148534652
3.924e-10,0.668454623629811,0.6700468148534652
3.925e-10,0.668454623629811,0.6700468148534652
3.926e-10,0.668454623629811,0.6700468148534652
3.927e-10,0.668454623629811,0.6700468148534652
3.928e-10,0.668454623629811,0.6700468148534652
3.929e-10,0.668454623629811,0.6700468148534652
3.93e-10,0.668454623629811,0.6700468148534652
3.931e-10,0.668454623629811,0.6700468148534652
3.932e-10,0.668454623629811,0.6700468148534652
3.933e-10,0.668454623629811,0.6700468148534652
3.934e-10,0.668454623629811,0.6700468148534652
3.935e-10,0.668454623629811,0.6700468148534652
3.936e-10,0.668454623629811,0.6700468148534652
3.937e-10,0.668454623629811,0.6700468148534652
3.938e-10,0.668454623629811,0.6700468148534652
3.939e-10,0.668454623629811,0.6700468148534652
3.94e-10,0.668454623629811,0.6700468148534652
3.941e-10,0.668454623629811,0.6700468148534652
3.942e-10,0.668454623629811,0.6700468148534652
3.943e-10,0.668454623629811,0.6700468148534652
3.944e-10,0.668454623629811,0.6700468148534652
3.945e-10,0.668454623629811,0.6700468148534652
3.946e-10,0.668454623629811,0.6700468148534652
3.947e-10,0.668454623629811,0.6700468148534652
3.948e-10,0.668454623629811,0.6700468148534652
3.949e-10,0.668454623629811,0.6700468148534652
3.95e-10,0.668454623629811,0.6700468148534652
3.951e-10,0.668454623629811,0.6700468148534652
3.952e-10,0.668454623629811,0.6700468148534652
3.953e-10,0.668454623629811,0.6700468148534652
3.954e-10,0.668454623629811,0.6700468148534652
3.955e-10,0.668454623629811,0.6700468148534652
3.956e-10,0.668454623629811,0.6700468148534652
3.957e-10,0.668454623629811,0.6700468148534652
3.958e-10,0.668454623629811,0.6700468148534652
3.959e-10,0.668454623629811,0.6700468148534652
3.96e-10,0.668454623629811,0.6700468148534652
3.961e-10,0.668454623629811,0.6700468148534652
3.962e-10,0.668454623629811,0.6700468148534652
3.963e-10,0.668454623629811,0.6700468148534652
3.964e-10,0.668454623629811,0.6700468148534652
3.965e-10,0.668454623629811,0.6700468148534652
3.966e-10,0.668454623629811,0.6700468148534652
3.967e-10,0.668454623629811,0.6700468148534652
3.968e-10,0.668454623629811,0.6700468148534652
3.969e-10,0.668454623629811,0.6700468148534652
3.97e-10,0.668454623629811,0.6700468148534652
3.971e-10,0.668454623629811,0.6700468148534652
3.972e-10,0.668454623629811,0.6700468148534652
3.973e-10,0.668454623629811,0.6700468148534652
3.974e-10,0.668454623629811,0.6700468148534652
3.975e-10,0.668454623629811,0.6700468148534652
3.976e-10,0.668454623629811,0.6700468148534652
3.977e-10,0.668454623629811,0.6700468148534652
3.978e-10,0.668454623629811,0.6700468148534652
3.979e-10,0.668454623629811,0.6700468148534652
3.98e-10,0.668454623629811,0.6700468148534652
3.981e-10,0.668454623629811,0.6700468148534652
3.982e-10,0.668454623629811,0.6700468148534652
3.983e-10,0.668454623629811,0.6700468148534652
3.984e-10,0.668454623629811,0.6700468148534652
3.985e-10,0.668454623629811,0.6700468148534652
3.986e-10,0.668454623629811,0.6700468148534652
3.987e-10,0.668454623629811,0.6700468148534652
3.988e-10,0.668454623629811,0.6700468148534652
3.989e-10,0.668454623629811,0.6700468148534652
3.99e-10,0.668454623629811,0.6700468148534652
3.991e-10,0.668454623629811,0.6700468148534652
3.992e-10,0.668454623629811,0.6700468148534652
3.993e-10,0.668454623629811,0.6700468148534652
3.994e-10,0.668454623629811,0.6700468148534652
3.995e-10,0.668454623629811,0.6700468148534652
3.996e-10,0.668454623629811,0.6700468148534652
3.997e-10,0.668454623629811,0.6700468148534652
3.998e-10,0.668454623629811,0.6700468148534652
3.999e-10,0.668454623629811,0.6700468148534652
4e-10,0.668454623629811,0.6700468148534652
4.001e-10,0.668454623629811,0.6700468148534652
4.002e-10,0.668454623629811,0.6700468148534652
4.003e-10,0.668454623629811,0.6700468148534652
4.004e-10,0.668454623629811,0.6700468148534652
4.005e-10,0.668454623629811,0.6700468148534652
4.006e-10,0.668454623629811,0.6700468148534652
4.007e-10,0.668454623629811,0.6700468148534652
4.008e-10,0.668454623629811,0.6700468148534652
4.009e-10,0.668454623629811,0.6700468148534652
4.01e-10,0.668454623629811,0.6700468148534652
4.011e-10,0.6684792122512443,0.6700317818641273
4.012e-10,0.6684792122512443,0.6700157668306514
4.013e-10,0.6685026881817253,0.6699989532762383
4.014e-10,0.6685026881817253,0.66998149030998
4.015e-10,0.6685251780453719,0.6699635249503842
4.016e-10,0.6685251780453719,0.6699451631076363
4.017e-10,0.6685467390841029,0.669926497231031
4.018e-10,0.6685467390841029,0.6699076087913456
4.019e-10,0.6685674071796358,0.6698885702772482
4.02e-10,0.6685674071796358,0.6698694462279062
4.021e-10,0.6685872120192224,0.6698502943510362
4.022e-10,0.6685872120192224,0.6698311660782276
4.023e-10,0.6686061812871062,0.6698121073438715
4.024e-10,0.6686061812871062,0.6697931589570324
4.025e-10,0.6686061812871062,0.6697743572118591
4.026e-10,0.6686244755834515,0.669755734196688
4.027e-10,0.6686244755834515,0.6697373181740319
4.028e-10,0.6686244755834515,0.669719134036807
4.029e-10,0.6686420866998984,0.6697011398978694
4.03e-10,0.6686420866998984,0.6696833488738956
4.031e-10,0.6686420866998984,0.6696657824913803
4.032e-10,0.6686590089720809,0.6696484594033496
4.033e-10,0.6686590089720809,0.6696313956955903
4.034e-10,0.6686590089720809,0.669614605211263
4.035e-10,0.6686590089720809,0.6695980996923243
4.036e-10,0.6686753371728554,0.669581889005541
4.037e-10,0.6686753371728554,0.6695659812979174
4.038e-10,0.6686753371728554,0.6695503832291012
4.039e-10,0.6686753371728554,0.6695351000425037
4.04e-10,0.6686910514368248,0.6695201357277054
4.041e-10,0.6686910514368248,0.6695054931267067
4.042e-10,0.6686910514368248,0.6694911740993633
4.043e-10,0.6686910514368248,0.6694772248124182
4.044e-10,0.6686910514368248,0.6694636755884906
4.045e-10,0.6687062104902013,0.6694505194469853
4.046e-10,0.6687062104902013,0.6694505194469853
4.047e-10,0.6687062104902013,0.6694377473237897
4.048e-10,0.6687062104902013,0.6694377473237897
4.049e-10,0.6687062104902013,0.6694253638899672
4.05e-10,0.6687062104902013,0.6694253638899672
4.051e-10,0.6687208363499595,0.6694133713989605
4.052e-10,0.6687208363499595,0.6694133713989605
4.053e-10,0.6687208363499595,0.669401770112533
4.054e-10,0.6687208363499595,0.669401770112533
4.055e-10,0.6687208363499595,0.6693905587181798
4.056e-10,0.6687208363499595,0.6693905587181798
4.057e-10,0.6687208363499595,0.6693797126445794
4.058e-10,0.6687208363499595,0.6693797126445794
4.059e-10,0.668734948876191,0.6693690976731705
4.06e-10,0.668734948876191,0.6693690976731705
4.061e-10,0.668734948876191,0.6693587139276963
4.062e-10,0.668734948876191,0.6693587139276963
4.063e-10,0.668734948876191,0.669348559665813
4.064e-10,0.668734948876191,0.669348559665813
4.065e-10,0.668734948876191,0.6693386318714096
4.066e-10,0.668734948876191,0.6693386318714096
4.067e-10,0.668734948876191,0.6693288818644075
4.068e-10,0.668734948876191,0.6693288818644075
4.069e-10,0.668734948876191,0.6693193116814322
4.07e-10,0.668734948876191,0.6693193116814322
4.071e-10,0.668734948876191,0.6693099220297333
4.072e-10,0.668734948876191,0.6693099220297333
4.073e-10,0.668734948876191,0.6693008777576064
4.074e-10,0.668734948876191,0.6693008777576064
4.075e-10,0.6687485080372993,0.6692921302516046
4.076e-10,0.6687485080372993,0.6692921302516046
4.077e-10,0.6687485080372993,0.6692836362012917
4.078e-10,0.6687485080372993,0.6692836362012917
4.079e-10,0.6687485080372993,0.6692753568958019
4.08e-10,0.6687485080372993,0.6692753568958019
4.081e-10,0.6687485080372993,0.6692672576842821
4.082e-10,0.6687485080372993,0.6692672576842821
4.083e-10,0.6687485080372993,0.6692593075814094
4.084e-10,0.6687485080372993,0.6692593075814094
4.085e-10,0.6687485080372993,0.6692514789448846
4.086e-10,0.6687485080372993,0.6692514789448846
4.087e-10,0.6687485080372993,0.6692435409478944
4.088e-10,0.6687485080372993,0.6692435409478944
4.089e-10,0.6687485080372993,0.6692435409478944
4.09e-10,0.6687485080372993,0.6692351157657623
4.091e-10,0.6687485080372993,0.6692351157657623
4.092e-10,0.6687485080372993,0.6692351157657623
4.093e-10,0.6687485080372993,0.6692351157657623
4.094e-10,0.6687485080372993,0.6692351157657623
4.095e-10,0.6687485080372993,0.6692351157657623
4.096e-10,0.6687485080372993,0.6692351157657623
4.097e-10,0.6687485080372993,0.6692351157657623
4.098e-10,0.6687485080372993,0.6692351157657623
4.099e-10,0.6687485080372993,0.6692351157657623
4.1e-10,0.6687485080372993,0.6692351157657623
4.101e-10,0.6687485080372993,0.6692351157657623
4.102e-10,0.6687485080372993,0.6692196860072295
4.103e-10,0.6687485080372993,0.6692024354903916
4.104e-10,0.6687485080372993,0.6691832863228282
4.105e-10,0.6687485080372993,0.6691622387702649
4.106e-10,0.6687610961535247,0.6691392569425453
4.107e-10,0.6687610961535247,0.669114099640672
4.108e-10,0.6687610961535247,0.6690862074706692
4.109e-10,0.6687610961535247,0.6690557192037864
4.11e-10,0.6687610961535247,0.6690227792157551
4.111e-10,0.6687610961535247,0.6689875403476726
4.112e-10,0.6687721045157085,0.6689501648161212
4.113e-10,0.6687721045157085,0.6689108240800646
4.114e-10,0.6687721045157085,0.6688696790063022
4.115e-10,0.6687721045157085,0.6688267962439717
4.116e-10,0.6687820740884415,0.6687822765512678
4.117e-10,0.6687820740884415,0.6687362496268154
4.118e-10,0.6687820740884415,0.6686888721202201
4.119e-10,0.6687820740884415,0.6686383243871052
4.12e-10,0.6687911567379917,0.6685819470609425
4.121e-10,0.6687911567379917,0.6685205366634451
4.122e-10,0.6687911567379917,0.6684548150371223
4.123e-10,0.6687994454527233,0.6683850154619803
4.124e-10,0.6687994454527233,0.6683112988076804
4.125e-10,0.6687994454527233,0.6682347097300023
4.126e-10,0.6688066558601721,0.6681554156071223
4.127e-10,0.6688066558601721,0.6680739746139706
4.128e-10,0.6688066558601721,0.6679911292332585
4.129e-10,0.6688134798899712,0.6679076787507388
4.13e-10,0.6688134798899712,0.6678240572499331
4.131e-10,0.6688134798899712,0.6677406667842279
4.132e-10,0.6688200859130841,0.6676579398784871
4.133e-10,0.6688200859130841,0.6675752121240531
4.134e-10,0.6688200859130841,0.6674871058705582
4.135e-10,0.6688265640626152,0.6673948886364078
4.136e-10,0.6688265640626152,0.6672997029306533
4.137e-10,0.6688265640626152,0.6672026030085401
4.138e-10,0.6688330017735243,0.6671045763668776
4.139e-10,0.6688330017735243,0.667006562808115
4.14e-10,0.6688330017735243,0.6669094713792989
4.141e-10,0.6688393450057613,0.6668136998109535
4.142e-10,0.6688393450057613,0.6667198029834419
4.143e-10,0.6688393450057613,0.6666290785038114
4.144e-10,0.668845408644679,0.666538572224446
4.145e-10,0.668845408644679,0.6664361757012721
4.146e-10,0.668845408644679,0.6663248070560993
4.147e-10,0.668845408644679,0.6662070437220682
4.148e-10,0.668845408644679,0.6660850439348373
4.149e-10,0.668845408644679,0.6659606717060274
4.15e-10,0.668845408644679,0.665835591048075
4.151e-10,0.668845408644679,0.6657113384106276
4.152e-10,0.668845408644679,0.6655893792551272
4.153e-10,0.668845408644679,0.6654711529939035
4.154e-10,0.668845408644679,0.6653579722589662
4.155e-10,0.668845408644679,0.6652382164899034
4.156e-10,0.668845408644679,0.6651139034133121
4.157e-10,0.6688594933094548,0.6649888726084733
4.158e-10,0.6688744030623351,0.6648655752288384
4.159e-10,0.6688897984034333,0.6647449568583288
4.16e-10,0.6689057143988425,0.664629241123499
4.161e-10,0.6689221574080246,0.6645203872128443
4.162e-10,0.6689391159702628,0.6644201865529633
4.163e-10,0.6689573167765508,0.6643298090272757
4.164e-10,0.6689787879245357,0.6642432794658549
4.165e-10,0.6690030670002595,0.6641580191631001
4.166e-10,0.6690297955579512,0.6640780734076834
4.167e-10,0.6690586863703842,0.6640051665568737
4.168e-10,0.6690895022971596,0.6639405050729821
4.169e-10,0.6691220414811286,0.6638861669349606
4.17e-10,0.6691567885234982,0.6638442611612664
4.171e-10,0.6691981578697725,0.6638178834635983
4.172e-10,0.6692450638387604,0.6638080471198841
4.173e-10,0.6692967459888559,0.6638161368877529
4.174e-10,0.6693526113788489,0.6638434657104827
4.175e-10,0.6694121840828213,0.6638798921321962
4.176e-10,0.6694750280854298,0.6639262626110468
4.177e-10,0.6695439471304315,0.6639852680928499
4.178e-10,0.6696188429789212,0.664058990838042
4.179e-10,0.6696986631349068,0.6641497405360932
4.18e-10,0.6697828567873404,0.6642591110082285
4.181e-10,0.6698709593537004,0.6643881706270284
4.182e-10,0.6699629442910386,0.6645382295276234
4.183e-10,0.6700659923617053,0.6647196524235005
4.184e-10,0.6701810237653296,0.6649346716097588
4.185e-10,0.6703058752756983,0.665181451092774
4.186e-10,0.6704389819335309,0.6654588910412619
4.187e-10,0.6705791453794269,0.6657661723569682
4.188e-10,0.670725418522026,0.6661026822334813
4.189e-10,0.6708759312334676,0.6664603607931823
4.19e-10,0.6710298652112803,0.6668383075243894
4.191e-10,0.6711863179865559,0.667235142800006
4.192e-10,0.6713445486831786,0.6676495678014306
4.193e-10,0.6715039474913815,0.6680803854346052
4.194e-10,0.6716641321421727,0.668526511304579
4.195e-10,0.6718287384086044,0.6689898331775099
4.196e-10,0.6720064064971308,0.6694788542385186
4.197e-10,0.6721935484741124,0.6699890056582064
4.198e-10,0.6723871233394864,0.670516460720825
4.199e-10,0.6725848392621688,0.6710582705319399
4.2e-10,0.6727804627862459,0.6716056564373037
4.201e-10,0.6729728079561632,0.6721584001981152
4.202e-10,0.6731627656271487,0.6727172279121213
4.203e-10,0.673350513093447,0.6732813325797599
4.204e-10,0.6735362105164957,0.673850016464768
4.205e-10,0.6737247954068968,0.6744135904173384
4.206e-10,0.6739140969188365,0.6749675764179933
4.207e-10,0.6741028958361986,0.6755102351494653
4.208e-10,0.6742911135262882,0.6760413191064507
4.209e-10,0.6744775576348845,0.676558889103986
4.21e-10,0.6746607828723936,0.6770588243043578
4.211e-10,0.6748130189695757,0.6775105006384927
4.212e-10,0.6749673820469434,0.6779417030256343
4.213e-10,0.6751299451102055,0.6783400881461332
4.214e-10,0.675299398853748,0.678706225737029
4.215e-10,0.6754741292294263,0.6790406834372251
4.216e-10,0.6756536070125363,0.679345648788415
4.217e-10,0.6758364846863492,0.6796214657564474
4.218e-10,0.6760213863995154,0.6798681547090645
4.219e-10,0.6762080837411025,0.6800632233804457
4.22e-10,0.6763890682678055,0.680140476334158
4.221e-10,0.6765638723121584,0.6801074158524198
4.222e-10,0.6767337090870177,0.6799740162979542
4.223e-10,0.6768998888763594,0.6797493590015361
4.224e-10,0.6770633912573935,0.6794415086280146
4.225e-10,0.6772248022791088,0.6790574389730303
4.226e-10,0.6773883605360088,0.6785474614506034
4.227e-10,0.6775568601001898,0.6779150292559973
4.228e-10,0.6777293913210344,0.6771685047235703
4.229e-10,0.6779010423022916,0.676309117640256
4.23e-10,0.678066625728457,0.6753379532740371
4.231e-10,0.6782265129176824,0.6742650074887047
4.232e-10,0.6783819866589177,0.6730034315735095
4.233e-10,0.6785326910670673,0.6715215243917011
4.234e-10,0.67867827300405,0.6698504257937637
4.235e-10,0.6788190402414631,0.6680172472822752
4.236e-10,0.6789552296277959,0.6660435296166346
4.237e-10,0.6790871996497823,0.6639458633909809
4.238e-10,0.6792134149066399,0.6617208450408713
4.239e-10,0.6793311493730075,0.659357802130259
4.24e-10,0.6794401891657327,0.6568659932260847
4.241e-10,0.6795404712390137,0.6542534246615825
4.242e-10,0.6796287077602569,0.6515208207380006
4.243e-10,0.6797045072687161,0.6486746704531511
4.244e-10,0.6797687296542407,0.6457228019543176
4.245e-10,0.6798256241317332,0.6426187311580647
4.246e-10,0.6798762412614887,0.6393663770797327
4.247e-10,0.6799208436884826,0.6359806702326875
4.248e-10,0.6799597097888465,0.632473611728747
4.249e-10,0.6799931022104905,0.6288547074092068
4.25e-10,0.6800212666848454,0.6251318553151567
4.251e-10,0.6800444319024483,0.6213119083430743
4.252e-10,0.680062895843581,0.6173819061210578
4.253e-10,0.6800728058805814,0.6132868880411615
4.254e-10,0.6800747458143047,0.6090508012952325
4.255e-10,0.6800692284581975,0.6046881515420728
4.256e-10,0.6800565895825724,0.600197971275775
4.257e-10,0.6800372998651119,0.5955952539151027
4.258e-10,0.6800118125391156,0.5908921994406805
4.259e-10,0.6799805476086781,0.5860987801015801
4.26e-10,0.6799438932030665,0.581223235001028
4.261e-10,0.679902841550908,0.5762594697019027
4.262e-10,0.6798568541341415,0.5711932867422109
4.263e-10,0.679806028105263,0.5660352633724623
4.264e-10,0.6797507213972347,0.5607946063646551
4.265e-10,0.6796912746218975,0.5554788859684248
4.266e-10,0.6796303473323824,0.5500950655260455
4.267e-10,0.6795687354549511,0.5446495763765337
4.268e-10,0.6795062507694065,0.5391478941274255
4.269e-10,0.6794428319464004,0.5335948248786059
4.27e-10,0.6793784880868702,0.5279946703234895
4.271e-10,0.6793132671112188,0.5223513462110408
4.272e-10,0.6792472380435036,0.5166684671285174
4.273e-10,0.6791789646833983,0.5109317692963974
4.274e-10,0.679108569692485,0.5051446148230954
4.275e-10,0.6790363567954729,0.49930463274716025
4.276e-10,0.6789625882796613,0.49341578018867976
4.277e-10,0.6788875047424977,0.48748279389528665
4.278e-10,0.6788113298700862,0.4815097061248647
4.279e-10,0.6787342723550106,0.47550005036734033
4.28e-10,0.6786585496891008,0.46945723426902053
4.281e-10,0.6785856402095067,0.4633843748480272
4.282e-10,0.6785148248325826,0.4572839597868474
4.283e-10,0.6784459004643251,0.45116046678721466
4.284e-10,0.6783787290084468,0.4450197626294867
4.285e-10,0.6783132099783388,0.4388651184648266
4.286e-10,0.6782492569806979,0.4326993351235035
4.287e-10,0.6781867861544154,0.4265248761855734
4.288e-10,0.6781265121882449,0.42034398154585756
4.289e-10,0.6780685931973791,0.4141587216310949
4.29e-10,0.6780128902733539,0.4079686272351153
4.291e-10,0.6779586597308567,0.40174392822281124
4.292e-10,0.6779059620717022,0.39548762095078627
4.293e-10,0.6778548647511412,0.3892073731606657
4.294e-10,0.6778060410062862,0.3829089734750488
4.295e-10,0.6777630045834958,0.3765971696454172
4.296e-10,0.6777247531350169,0.37027534732625794
4.297e-10,0.6776906578155735,0.36394634676342924
4.298e-10,0.6776603091018739,0.357612630598454
4.299e-10,0.67763342754298,0.35128200061182513
4.3e-10,0.6776098128180048,0.3449648338405859
4.301e-10,0.6775892944792786,0.3386603857417222
4.302e-10,0.6775712397934215,0.33236778710937087
4.303e-10,0.6775556101458061,0.3260884844704681
4.304e-10,0.6775423800650429,0.31982410302077346
4.305e-10,0.677531533875588,0.3135763615665356
4.306e-10,0.6775230637919654,0.3073470182999756
4.307e-10,0.6775169688150333,0.3011441150533272
4.308e-10,0.677513253681041,0.2949785258607579
4.309e-10,0.6775181435478137,0.288853772448927
4.31e-10,0.6775310106867579,0.28277183215679247
4.311e-10,0.6775505082990387,0.27673400662200476
4.312e-10,0.677575750630017,0.2707412199861634
4.313e-10,0.677606132271064,0.2647941278719634
4.314e-10,0.6776412207735781,0.2588931897559167
4.315e-10,0.6776913508509412,0.25303670842115783
4.316e-10,0.677753083880534,0.24721624914063106
4.317e-10,0.6778231086832813,0.241430283222352
4.318e-10,0.6778991320580432,0.23567838900057458
4.319e-10,0.6779795416143376,0.22996089048472604
4.32e-10,0.6780606419346059,0.22427859029655917
4.321e-10,0.6781349011551269,0.21863259396720056
4.322e-10,0.6782048889264536,0.21302419383889803
4.323e-10,0.6782721113466674,0.20745457369354608
4.324e-10,0.6783374963959211,0.20196055977926888
4.325e-10,0.6784017438269678,0.1965797862731537
4.326e-10,0.678465350963154,0.19130340364667947
4.327e-10,0.6785286713629906,0.1861251010146272
4.328e-10,0.6785919566157929,0.18104024327734405
4.329e-10,0.6786552861714444,0.17604439458214569
4.33e-10,0.6787142864469985,0.17113469726289424
4.331e-10,0.6787663843575412,0.16630903543257397
4.332e-10,0.6788102214075226,0.1615656308105486
4.333e-10,0.6788449040233586,0.15690291860486993
4.334e-10,0.6788698550023953,0.15234024341018262
4.335e-10,0.6788847235112762,0.14788197222452254
4.336e-10,0.6788846013704825,0.14352131039785732
4.337e-10,0.6788680867620329,0.13925356902072578
4.338e-10,0.6788382534157568,0.13504501643608735
4.339e-10,0.678796149696944,0.1308996502470941
4.34e-10,0.6787426585770071,0.12682480003812205
4.341e-10,0.6786775249554985,0.1228233487385416
4.342e-10,0.6785938625240939,0.1188963301814289
4.343e-10,0.6784909221701342,0.1150438266222675
4.344e-10,0.6783678233554125,0.11126538012291318
4.345e-10,0.6782241281225939,0.10756022972776852
4.346e-10,0.6780597212819642,0.10396501697847925
4.347e-10,0.6778747205347384,0.10048944408832555
4.348e-10,0.6776693992878378,0.09712308494179313
4.349e-10,0.6774406262347848,0.09385747144126644
4.35e-10,0.6771811837570203,0.09068621685835543
4.351e-10,0.676894314095753,0.08760576712260476
4.352e-10,0.6765459285764673,0.08461335607939056
4.353e-10,0.6761396531906811,0.0817064532542596
4.354e-10,0.6756807242254368,0.07888200162321235
4.355e-10,0.6751735631913389,0.07613763487430122
4.356e-10,0.6746098790330451,0.07347120811351669
4.357e-10,0.673988584339064,0.0708806241222426
4.358e-10,0.6733122338216112,0.06836220417670308
4.359e-10,0.6725831030241212,0.0659132760194761
4.36e-10,0.6718031397909515,0.06353222768126654
4.361e-10,0.6709324384154466,0.06121737410973934
4.362e-10,0.6699591126226843,0.05896703186083615
4.363e-10,0.6688830097103612,0.0568003309470864
4.364e-10,0.6677112300603737,0.05473300894861999
4.365e-10,0.6664499393387419,0.05275213412210336
4.366e-10,0.665105080728167,0.05084888562386911
4.367e-10,0.6636812954904596,0.049013354211123385
4.368e-10,0.6621820464761838,0.047242660626914644
4.369e-10,0.6605240157976391,0.045534858189581376
4.37e-10,0.6586916266794135,0.043888258194988206
4.371e-10,0.6567016080577859,0.04229829972252386
4.372e-10,0.6545678362739644,0.04075889725676582
4.373e-10,0.6523040834882954,0.039268922007986505
4.374e-10,0.6499218333962826,0.03782707415232992
4.375e-10,0.647430593334165,0.03643079181206823
4.376e-10,0.6448347724208426,0.035078317097966286
4.377e-10,0.6421207872159528,0.03376814428275555
4.378e-10,0.6392873344129726,0.03249901814351639
4.379e-10,0.6363445718213712,0.03127072272770066
4.38e-10,0.6333008679078888,0.030082323105759326
4.381e-10,0.6301633603776409,0.028932786001378524
4.382e-10,0.6269385359103532,0.027821068962409826
4.383e-10,0.6236286305259787,0.026736467749026598
4.384e-10,0.6202037122463777,0.02567357854133464
4.385e-10,0.6166537160800466,0.024633870432025032
4.386e-10,0.6129926403287418,0.023620062446462708
4.387e-10,0.6092322935155096,0.02263258951061181
4.388e-10,0.6053788258102354,0.021678876820907484
4.389e-10,0.6014263070620188,0.020766120735980796
4.39e-10,0.5973852886401015,0.01989430245609146
4.391e-10,0.5932647412209526,0.01906323775106055
4.392e-10,0.5890301976748139,0.018270124084368355
4.393e-10,0.5846870059241455,0.0175144792504373
4.394e-10,0.5802463483763389,0.016790273885344008
4.395e-10,0.5756978959741462,0.016091197325756198
4.396e-10,0.5710260471742308,0.015437337996121854
4.397e-10,0.5662533189250581,0.014839154426328586
4.398e-10,0.5613990679327845,0.014296928300284327
4.399e-10,0.5564792403274443,0.013810884454714704
4.4e-10,0.5514855659641709,0.013381176636976126
4.401e-10,0.5464150076624383,0.013008936714035807
4.402e-10,0.541287078636063,0.01269363441920356
4.403e-10,0.5361187906596301,0.012478719826191063
4.404e-10,0.5309251615776203,0.012374824072449948
4.405e-10,0.5257197328214469,0.012379985879696293
4.406e-10,0.5205137423949475,0.012489978421421601
4.407e-10,0.5153164936071816,0.012697951026610737
4.408e-10,0.5101399849709564,0.013006265204374864
4.409e-10,0.5049979871738199,0.013455276257863956
4.41e-10,0.49987360718399126,0.014075004458987843
4.411e-10,0.49482711654263184,0.014870056466625266
4.412e-10,0.48980533588442715,0.015827185137910097
4.413e-10,0.48483369127580134,0.01694329028769927
4.414e-10,0.47993433136164443,0.018219837663635496
4.415e-10,0.4751267565237321,0.0197221990988492
4.416e-10,0.4703838729492498,0.021518527347072144
4.417e-10,0.4657123863245823,0.02360292565264514
4.418e-10,0.46113611357554884,0.025969910711030754
4.419e-10,0.45667582872380724,0.028614543797527096
4.42e-10,0.4523511828605299,0.031531810287335656
4.421e-10,0.4481816997692142,0.0347073932052014
4.422e-10,0.4441953046544507,0.038173904630470455
4.423e-10,0.4403698674459314,0.041921666754166004
4.424e-10,0.43669300167849157,0.04594319458084151
4.425e-10,0.4331800811111884,0.05023111428768377
4.426e-10,0.4298445618507669,0.054783376976921795
4.427e-10,0.42669809641066797,0.0596145709841424
4.428e-10,0.42371430121954706,0.06472705076881274
4.429e-10,0.42083706795528686,0.07020364722819893
4.43e-10,0.4180805501715387,0.07604480819895311
4.431e-10,0.4154574909950417,0.08224304088342291
4.432e-10,0.41300278126496937,0.08882924997010708
4.433e-10,0.4107705450151226,0.09584999062673472
4.434e-10,0.4087618385762839,0.10328185125871621
4.435e-10,0.40697726902109294,0.11110244646288378
4.436e-10,0.405417997688413,0.11927980198859989
4.437e-10,0.40408787880463387,0.1277223781492486
4.438e-10,0.40302457234796635,0.1363991542376416
4.439e-10,0.40222018018441336,0.1452906575969072
4.44e-10,0.4016196127479269,0.15436576614448294
4.441e-10,0.4011879910805536,0.16359703849128993
4.442e-10,0.4009233886895805,0.1730085604603111
4.443e-10,0.4008378440899527,0.1826585057300274
4.444e-10,0.40094481361528045,0.19253421747421648
4.445e-10,0.40124017723944955,0.20261994467559982
4.446e-10,0.4017215780842124,0.2129179787661147
4.447e-10,0.40238631027486554,0.22337091046308763
4.448e-10,0.4032313343823566,0.2338586944171895
4.449e-10,0.4042704579302217,0.24438032992160807
4.45e-10,0.4055157400720148,0.25493491365870846
4.451e-10,0.40695551193965496,0.26549721459066855
4.452e-10,0.40857786959395714,0.27612556523193815
4.453e-10,0.41037218260561475,0.2868730095060254
4.454e-10,0.412328784761748,0.29771755633911673
4.455e-10,0.41443883462230446,0.3086387488711817
4.456e-10,0.41670013316511145,0.3196323146990711
4.457e-10,0.4191059492522837,0.3305462896190041
4.458e-10,0.42164634773453524,0.34133515294614586
4.459e-10,0.4243129904046064,0.35198154893661104
4.46e-10,0.42707738175580867,0.36247153993919934
4.461e-10,0.4299285410945269,0.37281144078260764
4.462e-10,0.43286085236000227,0.38304688499741785
4.463e-10,0.43586340794655143,0.39315683174829497
4.464e-10,0.43893391924382424,0.40313411961837875
4.465e-10,0.44207262260523844,0.41297907409530943
4.466e-10,0.44527374769666556,0.42268100580821877
4.467e-10,0.44853020642137836,0.43222617831299204
4.468e-10,0.4518354493754438,0.4416032471584448
4.469e-10,0.4551834453404658,0.4508026231982163
4.47e-10,0.4585685800000062,0.4598162709487883
4.471e-10,0.46198560225533647,0.46863750425215867
4.472e-10,0.4654237586650129,0.4772276317086656
4.473e-10,0.46887498995108223,0.4855836437993184
4.474e-10,0.47233513387430265,0.49370430361606255
4.475e-10,0.4758003121853635,0.5015893003652222
4.476e-10,0.479266915610433,0.5092391512081776
4.477e-10,0.48273574807161657,0.5166596194157107
4.478e-10,0.48620696636070143,0.5238433782644706
4.479e-10,0.48967437960705934,0.5307877297736664
4.48e-10,0.49313354687984773,0.5374939088597478
4.481e-10,0.4965808930361428,0.5439646217996632
4.482e-10,0.5000133849641275,0.5502035074196768
4.483e-10,0.5034283589456283,0.5562148326514995
4.484e-10,0.5068234260038005,0.562003310249512
4.485e-10,0.5101964177874995,0.5675663873514056
4.486e-10,0.5135450839756585,0.5728964929963841
4.487e-10,0.5168633694839095,0.5780013109362105
4.488e-10,0.5201498664178297,0.5828872506864406
4.489e-10,0.523403294824254,0.5875620656754799
4.49e-10,0.5266224900862039,0.5920335824575885
4.491e-10,0.5298063940946913,0.5963094471468166
4.492e-10,0.5329540474019547,0.6003971302152662
4.493e-10,0.5360645821742372,0.604303923956341
4.494e-10,0.5391372158361862,0.6080369375951189
4.495e-10,0.5421688314989611,0.6116030920629633
4.496e-10,0.5451505437356011,0.6149868849326305
4.497e-10,0.5480822936497785,0.6181713562479838
4.498e-10,0.5509641110971679,0.6211679951771398
4.499e-10,0.5537961173325738,0.6239876813925256
4.5e-10,0.5565785023447987,0.6266406892225388
4.501e-10,0.5593115189994785,0.6291367186721881
4.502e-10,0.5619954901425562,0.6314849985964879
4.503e-10,0.5646263587077657,0.6336943928686976
4.504e-10,0.5672033488194449,0.6357731519013791
4.505e-10,0.5697271128987902,0.6377287214995112
4.506e-10,0.5721984121256201,0.6395682240983568
4.507e-10,0.574618070399764,0.6412984271523655
4.508e-10,0.5769869489625519,0.642925737187603
4.509e-10,0.57930593156188,0.6444562062199596
4.51e-10,0.5815759153174684,0.6458955442283728
4.511e-10,0.583797804723622,0.6472491343697195
4.512e-10,0.5859725074294834,0.6485220492036488
4.513e-10,0.5881009310709161,0.6497190670301157
4.514e-10,0.5901827747711197,0.6508439801066727
4.515e-10,0.5922191852142857,0.6519012767782849
4.516e-10,0.5942112362322588,0.6528951012865686
4.517e-10,0.5961599511119343,0.6538288166105429
4.518e-10,0.5980663173993472,0.6547060983956372
4.519e-10,0.5999312946462675,0.6555303866595894
4.52e-10,0.6017558184704599,0.6563049054873735
4.521e-10,0.6035408026917018,0.6570326790797041
4.522e-10,0.6052871404728355,0.6577165455099456
4.523e-10,0.6069957049582311,0.6583591689358869
4.524e-10,0.6086673496686245,0.6589630506852749
4.525e-10,0.6103029087872595,0.6595305394578379
4.526e-10,0.6119009428070482,0.6600638407912053
4.527e-10,0.6134527033079981,0.6605653063996524
4.528e-10,0.6149596989697373,0.6610387893985022
4.529e-10,0.6164233856898003,0.661485859430578
4.53e-10,0.6178451648150438,0.6619079962558659
4.531e-10,0.6192263862037548,0.6623065964017515
4.532e-10,0.6205683500950369,0.662682977869195
4.533e-10,0.6218723089401315,0.6630383845692526
4.534e-10,0.6231394691923496,0.6633739905063213
4.535e-10,0.6243709930527729,0.6636909037231454
4.536e-10,0.6255680001694144,0.6639901700215493
4.537e-10,0.6267315692880487,0.6642727764719257
4.538e-10,0.6278627398533942,0.6645396547236863
4.539e-10,0.6289625135597635,0.6647916841281234
4.54e-10,0.6300318558506798,0.665029694684448
4.541e-10,0.631071697367289,0.6652544698191207
4.542e-10,0.6320829353456878,0.665466749008001
4.543e-10,0.6330664349635362,0.6656672302502767
4.544e-10,0.6340230306365339,0.6658565724026186
4.545e-10,0.6349529641821162,0.6660349051732315
4.546e-10,0.6358570705068937,0.666202870121677
4.547e-10,0.636736152598139,0.6663610712666908
4.548e-10,0.6375909829955303,0.6665100773003436
4.549e-10,0.6384223051894148,0.6666504236696419
4.55e-10,0.6392308349491078,0.6667826145337233
4.551e-10,0.640017261584607,0.6669071246042814
4.552e-10,0.6407822491449658,0.6670244008763577
4.553e-10,0.6415264375564389,0.6671348642561894
4.554e-10,0.6422504437033815,0.6672389110923693
4.555e-10,0.6429548624547569,0.6673369146161854
4.556e-10,0.6436402676389822,0.6673369146161854
4.557e-10,0.6443072129697205,0.6673369146161854
4.558e-10,0.6449562329251106,0.6673369146161854
4.559e-10,0.6455878435828111,0.6673369146161854
4.56e-10,0.6462025434131237,0.6673369146161854
4.561e-10,0.646800814032357,0.6673369146161854
4.562e-10,0.647383120918485,0.6673369146161854
4.563e-10,0.6479499140910593,0.6673369146161854
4.564e-10,0.6485016287572357,0.6673369146161854
4.565e-10,0.6490386859256869,0.6673369146161854
4.566e-10,0.6495589352904567,0.6673369146161854
4.567e-10,0.6500629019894206,0.6673369146161854
4.568e-10,0.650551117623396,0.6673369146161854
4.569e-10,0.6510240960875892,0.6673369146161854
4.57e-10,0.6514823341751838,0.6673369146161854
4.571e-10,0.6519263121595987,0.6673369146161854
4.572e-10,0.6523564943562122,0.6673369146161854
4.573e-10,0.6527733296643183,0.6673369146161854
4.574e-10,0.6531772520900502,0.6673369146161854
4.575e-10,0.6535686812509748,0.6673369146161854
4.576e-10,0.6539480228630362,0.6673369146161854
4.577e-10,0.6543156692104964,0.6673369146161854
4.578e-10,0.6546719995994974,0.6673369146161854
4.579e-10,0.6550173807958442,0.6673369146161854
4.58e-10,0.6553521674475836,0.6673369146161854
4.581e-10,0.6556767024929328,0.6673369146161854
4.582e-10,0.6559913175540868,0.6673369146161854
4.583e-10,0.6562963333174188,0.6673369146161854
4.584e-10,0.6565920599005607,0.6673369146161854
4.585e-10,0.656878797206839,0.6673369146161854
4.586e-10,0.6571568352675177,0.6673369146161854
4.587e-10,0.6574264545722863,0.6673369146161854
4.588e-10,0.6576879263884117,0.6673369146161854
4.589e-10,0.6579415130689578,0.6673369146161854
4.59e-10,0.6581874683504634,0.6673369146161854
4.591e-10,0.6584260376404502,0.6673369146161854
4.592e-10,0.6586574582951215,0.6673369146161854
4.593e-10,0.6588819598875992,0.6673369146161854
4.594e-10,0.6590997644670318,0.6673369146161854
4.595e-10,0.6593110868088936,0.6673369146161854
4.596e-10,0.6595161346567869,0.6673369146161854
4.597e-10,0.6597151089560427,0.6673369146161854
4.598e-10,0.6599082040794082,0.6673369146161854
4.599e-10,0.6600956080450966,0.6673369146161854
4.6e-10,0.6602777046509811,0.6673369146161854
4.601e-10,0.660454846260266,0.6673369146161854
4.602e-10,0.660627180815098,0.6673369146161854
4.603e-10,0.6607948517195189,0.6673369146161854
4.604e-10,0.6609579979810545,0.6673369146161854
4.605e-10,0.6611167543477913,0.6673369146161854
4.606e-10,0.6612712514410907,0.6673369146161854
4.607e-10,0.6614216158840827,0.6673369146161854
4.608e-10,0.6615679704260778,0.6673369146161854
4.609e-10,0.6617104340630309,0.6673369146161854
4.61e-10,0.6618491221541849,0.6673369146161854
4.611e-10,0.661984146535021,0.6673369146161854
4.612e-10,0.6621156156266336,0.6673369146161854
4.613e-10,0.6622436345416471,0.6673369146161854
4.614e-10,0.6623683051867874,0.6673369146161854
4.615e-10,0.6624897263622149,0.6673369146161854
4.616e-10,0.6626079938577267,0.6673369146161854
4.617e-10,0.6627232005459258,0.6673369146161854
4.618e-10,0.6628354364724582,0.6673369146161854
4.619e-10,0.662944788943411,0.6673369146161854
4.62e-10,0.663051342609963,0.6673369146161854
4.621e-10,0.663155179550377,0.6673369146161854
4.622e-10,0.6632563793494182,0.6673369146161854
4.623e-10,0.6633550191752828,0.6673369146161854
4.624e-10,0.6633550191752828,0.6673369146161854
4.625e-10,0.6633550191752828,0.6673369146161854
4.626e-10,0.6633550191752828,0.6673369146161854
4.627e-10,0.6633550191752828,0.6673369146161854
4.628e-10,0.6633550191752828,0.6673369146161854
4.629e-10,0.6633550191752828,0.6673369146161854
4.63e-10,0.6633550191752828,0.6673369146161854
4.631e-10,0.6633550191752828,0.6673369146161854
4.632e-10,0.6633550191752828,0.6673369146161854
4.633e-10,0.6633550191752828,0.6673369146161854
4.634e-10,0.6633550191752828,0.6673369146161854
4.635e-10,0.6633550191752828,0.6673369146161854
4.636e-10,0.6633550191752828,0.6673369146161854
4.637e-10,0.6633550191752828,0.6673369146161854
4.638e-10,0.6633550191752828,0.6673369146161854
4.639e-10,0.6633550191752828,0.6673369146161854
4.64e-10,0.6633550191752828,0.6673369146161854
4.641e-10,0.6633550191752828,0.6673369146161854
4.642e-10,0.6633550191752828,0.6673369146161854
4.643e-10,0.6633550191752828,0.6673369146161854
4.644e-10,0.6633550191752828,0.6673369146161854
4.645e-10,0.6633550191752828,0.6673369146161854
4.646e-10,0.6633550191752828,0.6673369146161854
4.647e-10,0.6633550191752828,0.6673369146161854
4.648e-10,0.6633550191752828,0.6673369146161854
4.649e-10,0.6633550191752828,0.6673369146161854
4.65e-10,0.6633550191752828,0.6673369146161854
4.651e-10,0.6633550191752828,0.6673369146161854
4.652e-10,0.6633550191752828,0.6673369146161854
4.653e-10,0.6633550191752828,0.6673369146161854
4.654e-10,0.6633550191752828,0.6673369146161854
4.655e-10,0.6633550191752828,0.6673369146161854
4.656e-10,0.6633550191752828,0.6673369146161854
4.657e-10,0.6633550191752828,0.6673369146161854
4.658e-10,0.6633550191752828,0.6673369146161854
4.659e-10,0.6633550191752828,0.6673369146161854
4.66e-10,0.6633550191752828,0.6673369146161854
4.661e-10,0.6633550191752828,0.6673369146161854
4.662e-10,0.6633550191752828,0.6673369146161854
4.663e-10,0.6633550191752828,0.6673369146161854
4.664e-10,0.6633550191752828,0.6673369146161854
4.665e-10,0.6633550191752828,0.6673369146161854
4.666e-10,0.6633550191752828,0.6673369146161854
4.667e-10,0.6633550191752828,0.6673369146161854
4.668e-10,0.6633550191752828,0.6673369146161854
4.669e-10,0.6633550191752828,0.6673369146161854
4.67e-10,0.6633550191752828,0.6673369146161854
4.671e-10,0.6633550191752828,0.6673369146161854
4.672e-10,0.6633550191752828,0.6673369146161854
4.673e-10,0.6633550191752828,0.6673369146161854
4.674e-10,0.6633550191752828,0.6673369146161854
4.675e-10,0.6633550191752828,0.6673369146161854
4.676e-10,0.6633550191752828,0.6673369146161854
4.677e-10,0.6633550191752828,0.6673369146161854
4.678e-10,0.6633550191752828,0.6673369146161854
4.679e-10,0.6633550191752828,0.6673369146161854
4.68e-10,0.6633550191752828,0.6673369146161854
4.681e-10,0.6633550191752828,0.6673369146161854
4.682e-10,0.6633550191752828,0.6673369146161854
4.683e-10,0.6633550191752828,0.6673369146161854
4.684e-10,0.6633550191752828,0.6673369146161854
4.685e-10,0.6633550191752828,0.6673369146161854
4.686e-10,0.6633550191752828,0.6673369146161854
4.687e-10,0.6633550191752828,0.6673369146161854
4.688e-10,0.6633550191752828,0.6673369146161854
4.689e-10,0.6633550191752828,0.6673369146161854
4.69e-10,0.6633550191752828,0.6673369146161854
4.691e-10,0.6633550191752828,0.6673369146161854
4.692e-10,0.6633550191752828,0.6673369146161854
4.693e-10,0.6633550191752828,0.6673369146161854
4.694e-10,0.6633550191752828,0.6673369146161854
4.695e-10,0.6633550191752828,0.6673369146161854
4.696e-10,0.6633550191752828,0.6673369146161854
4.697e-10,0.6633550191752828,0.6673369146161854
4.698e-10,0.6633550191752828,0.6673369146161854
4.699e-10,0.6633550191752828,0.6673369146161854
4.7e-10,0.6633550191752828,0.6673369146161854
4.701e-10,0.6633550191752828,0.6673369146161854
4.702e-10,0.6633550191752828,0.6673369146161854
4.703e-10,0.6633550191752828,0.6673369146161854
4.704e-10,0.6633550191752828,0.6673369146161854
4.705e-10,0.6633550191752828,0.6673369146161854
4.706e-10,0.6633550191752828,0.6673369146161854
4.707e-10,0.6633550191752828,0.6673369146161854
4.708e-10,0.6633550191752828,0.6673369146161854
4.709e-10,0.6633550191752828,0.6673369146161854
4.71e-10,0.6633550191752828,0.6673369146161854
4.711e-10,0.6633550191752828,0.6673369146161854
4.712e-10,0.6633550191752828,0.6673369146161854
4.713e-10,0.6633550191752828,0.6673369146161854
4.714e-10,0.6633550191752828,0.6673369146161854
4.715e-10,0.6633550191752828,0.6673369146161854
4.716e-10,0.6633550191752828,0.6673369146161854
4.717e-10,0.6633550191752828,0.6673369146161854
4.718e-10,0.6633550191752828,0.6673369146161854
4.719e-10,0.6633550191752828,0.6673369146161854
4.72e-10,0.6633550191752828,0.6673369146161854
4.721e-10,0.6633550191752828,0.6673369146161854
4.722e-10,0.6633550191752828,0.6673369146161854
4.723e-10,0.6633550191752828,0.6673369146161854
4.724e-10,0.6633550191752828,0.6673369146161854
4.725e-10,0.6633550191752828,0.6673369146161854
4.726e-10,0.6633550191752828,0.6673369146161854
4.727e-10,0.6633550191752828,0.6673369146161854
4.728e-10,0.6633550191752828,0.6673369146161854
4.729e-10,0.6633550191752828,0.6673369146161854
4.73e-10,0.6633550191752828,0.6673369146161854
4.731e-10,0.6633550191752828,0.6673369146161854
4.732e-10,0.6633550191752828,0.6673369146161854
4.733e-10,0.6633550191752828,0.6673369146161854
4.734e-10,0.6633550191752828,0.6673369146161854
4.735e-10,0.6633550191752828,0.6673369146161854
4.736e-10,0.6633550191752828,0.6673369146161854
4.737e-10,0.6633550191752828,0.6673369146161854
4.738e-10,0.6633550191752828,0.6673369146161854
4.739e-10,0.6633550191752828,0.6673369146161854
4.74e-10,0.6633550191752828,0.6673369146161854
4.741e-10,0.6633550191752828,0.6673369146161854
4.742e-10,0.6633550191752828,0.6673369146161854
4.743e-10,0.6633550191752828,0.6673369146161854
4.744e-10,0.6633550191752828,0.6673369146161854
4.745e-10,0.6633550191752828,0.6673369146161854
4.746e-10,0.6633550191752828,0.6673369146161854
4.747e-10,0.6633550191752828,0.6673369146161854
4.748e-10,0.6633550191752828,0.6673369146161854
4.749e-10,0.6633550191752828,0.6673369146161854
4.75e-10,0.6633550191752828,0.6673369146161854
4.751e-10,0.6633550191752828,0.6673369146161854
4.752e-10,0.6633550191752828,0.6673369146161854
4.753e-10,0.6633550191752828,0.6673369146161854
4.754e-10,0.6633550191752828,0.6673369146161854
4.755e-10,0.6633550191752828,0.6673369146161854
4.756e-10,0.6633550191752828,0.6673369146161854
4.757e-10,0.6633550191752828,0.6673369146161854
4.758e-10,0.6633550191752828,0.6673369146161854
4.759e-10,0.6633550191752828,0.6673369146161854
4.76e-10,0.6633550191752828,0.6673369146161854
4.761e-10,0.6633550191752828,0.6673369146161854
4.762e-10,0.6633550191752828,0.6673369146161854
4.763e-10,0.6633550191752828,0.6673369146161854
4.764e-10,0.6633550191752828,0.6673369146161854
4.765e-10,0.6633550191752828,0.6673369146161854
4.766e-10,0.6633550191752828,0.6673369146161854
4.767e-10,0.6633550191752828,0.6673369146161854
4.768e-10,0.6633550191752828,0.6673369146161854
4.769e-10,0.6633550191752828,0.6673369146161854
4.77e-10,0.6633550191752828,0.6673369146161854
4.771e-10,0.6633550191752828,0.6673369146161854
4.772e-10,0.6633550191752828,0.6673369146161854
4.773e-10,0.6633550191752828,0.6673369146161854
4.774e-10,0.6633550191752828,0.6673369146161854
4.775e-10,0.6633550191752828,0.6673369146161854
4.776e-10,0.6633550191752828,0.6673369146161854
4.777e-10,0.6633550191752828,0.6673369146161854
4.778e-10,0.6633550191752828,0.6673369146161854
4.779e-10,0.6633550191752828,0.6673369146161854
4.78e-10,0.6633550191752828,0.6673369146161854
4.781e-10,0.6633550191752828,0.6673369146161854
4.782e-10,0.6633550191752828,0.6673369146161854
4.783e-10,0.6633550191752828,0.6673369146161854
4.784e-10,0.6633550191752828,0.6673369146161854
4.785e-10,0.6633550191752828,0.6673369146161854
4.786e-10,0.6633550191752828,0.6673369146161854
4.787e-10,0.6633550191752828,0.6673369146161854
4.788e-10,0.6633550191752828,0.6673369146161854
4.789e-10,0.6633550191752828,0.6673369146161854
4.79e-10,0.6633550191752828,0.6673369146161854
4.791e-10,0.6633550191752828,0.6673369146161854
4.792e-10,0.6633550191752828,0.6673369146161854
4.793e-10,0.6633550191752828,0.6673369146161854
4.794e-10,0.6633550191752828,0.6673369146161854
4.795e-10,0.6633550191752828,0.6673369146161854
4.796e-10,0.6633550191752828,0.6673369146161854
4.797e-10,0.6633550191752828,0.6673369146161854
4.798e-10,0.6633550191752828,0.6673369146161854
4.799e-10,0.6633550191752828,0.6673369146161854
4.8e-10,0.6633550191752828,0.6673369146161854
4.801e-10,0.6633550191752828,0.6673369146161854
4.802e-10,0.6633550191752828,0.6673369146161854
4.803e-10,0.6633550191752828,0.6673369146161854
4.804e-10,0.6633550191752828,0.6673369146161854
4.805e-10,0.6633550191752828,0.6673369146161854
4.806e-10,0.6633550191752828,0.6673369146161854
4.807e-10,0.6633550191752828,0.6673369146161854
4.808e-10,0.6633550191752828,0.6673369146161854
4.809e-10,0.6633550191752828,0.6673369146161854
4.81e-10,0.6633550191752828,0.6673369146161854
4.811e-10,0.6633550191752828,0.6673369146161854
4.812e-10,0.6633550191752828,0.6673369146161854
4.813e-10,0.6633550191752828,0.6673369146161854
4.814e-10,0.6633550191752828,0.6673369146161854
4.815e-10,0.6633550191752828,0.6673369146161854
4.816e-10,0.6633550191752828,0.6673369146161854
4.817e-10,0.6633550191752828,0.6673369146161854
4.818e-10,0.6633550191752828,0.6673369146161854
4.819e-10,0.6633550191752828,0.6673369146161854
4.82e-10,0.6633550191752828,0.6673369146161854
4.821e-10,0.6633550191752828,0.6673369146161854
4.822e-10,0.6633550191752828,0.6673369146161854
4.823e-10,0.6633550191752828,0.6673369146161854
4.824e-10,0.6633550191752828,0.6673369146161854
4.825e-10,0.6633550191752828,0.6673369146161854
4.826e-10,0.6633550191752828,0.6673369146161854
4.827e-10,0.6633550191752828,0.6673369146161854
4.828e-10,0.6633550191752828,0.6673369146161854
4.829e-10,0.6633550191752828,0.6673369146161854
4.83e-10,0.6633550191752828,0.6673369146161854
4.831e-10,0.6633550191752828,0.6673369146161854
4.832e-10,0.6633550191752828,0.6673369146161854
4.833e-10,0.6633550191752828,0.6673369146161854
4.834e-10,0.6633550191752828,0.6673369146161854
4.835e-10,0.6633550191752828,0.6673369146161854
4.836e-10,0.6633550191752828,0.6673369146161854
4.837e-10,0.6633550191752828,0.6673369146161854
4.838e-10,0.6633550191752828,0.6673369146161854
4.839e-10,0.6633550191752828,0.6673369146161854
4.84e-10,0.6633550191752828,0.6673369146161854
4.841e-10,0.6633550191752828,0.6673369146161854
4.842e-10,0.6633550191752828,0.6673369146161854
4.843e-10,0.6633550191752828,0.6673369146161854
4.844e-10,0.6633550191752828,0.6673369146161854
4.845e-10,0.6633550191752828,0.6673369146161854
4.846e-10,0.6633550191752828,0.6673369146161854
4.847e-10,0.6633550191752828,0.6673369146161854
4.848e-10,0.6633550191752828,0.6673369146161854
4.849e-10,0.6633550191752828,0.6673369146161854
4.85e-10,0.6633550191752828,0.6673369146161854
4.851e-10,0.6633550191752828,0.6673369146161854
4.852e-10,0.6633550191752828,0.6673369146161854
4.853e-10,0.6633550191752828,0.6673369146161854
4.854e-10,0.6633550191752828,0.6673369146161854
4.855e-10,0.6633550191752828,0.6673369146161854
4.856e-10,0.6633550191752828,0.6673369146161854
4.857e-10,0.6633550191752828,0.6673369146161854
4.858e-10,0.6633550191752828,0.6673369146161854
4.859e-10,0.6633550191752828,0.6673369146161854
4.86e-10,0.6633550191752828,0.6673369146161854
4.861e-10,0.6633550191752828,0.6673369146161854
4.862e-10,0.6633550191752828,0.6673369146161854
4.863e-10,0.6633550191752828,0.6673369146161854
4.864e-10,0.6633550191752828,0.6673369146161854
4.865e-10,0.6633550191752828,0.6673369146161854
4.866e-10,0.6633550191752828,0.6673369146161854
4.867e-10,0.6633550191752828,0.6673369146161854
4.868e-10,0.6633550191752828,0.6673369146161854
4.869e-10,0.6633550191752828,0.6673369146161854
4.87e-10,0.6633550191752828,0.6673369146161854
4.871e-10,0.6633550191752828,0.6673369146161854
4.872e-10,0.6633550191752828,0.6673369146161854
4.873e-10,0.6633550191752828,0.6673369146161854
4.874e-10,0.6633550191752828,0.6673369146161854
4.875e-10,0.6633550191752828,0.6673369146161854
4.876e-10,0.6633550191752828,0.6673369146161854
4.877e-10,0.6633550191752828,0.6673369146161854
4.878e-10,0.6633550191752828,0.6673369146161854
4.879e-10,0.6633550191752828,0.6673369146161854
4.88e-10,0.6633550191752828,0.6673369146161854
4.881e-10,0.6633550191752828,0.6673369146161854
4.882e-10,0.6633550191752828,0.6673369146161854
4.883e-10,0.6633550191752828,0.6673369146161854
4.884e-10,0.6633550191752828,0.6673369146161854
4.885e-10,0.6633550191752828,0.6673369146161854
4.886e-10,0.6633550191752828,0.6673369146161854
4.887e-10,0.6633550191752828,0.6673369146161854
4.888e-10,0.6633550191752828,0.6673369146161854
4.889e-10,0.6633550191752828,0.6673369146161854
4.89e-10,0.6633550191752828,0.6673369146161854
4.891e-10,0.6633550191752828,0.6673369146161854
4.892e-10,0.6633550191752828,0.6673369146161854
4.893e-10,0.6633550191752828,0.6673369146161854
4.894e-10,0.6633550191752828,0.6673369146161854
4.895e-10,0.6633550191752828,0.6673369146161854
4.896e-10,0.6633550191752828,0.6673369146161854
4.897e-10,0.6633550191752828,0.6673369146161854
4.898e-10,0.6633550191752828,0.6673369146161854
4.899e-10,0.6633550191752828,0.6673369146161854
4.9e-10,0.6633550191752828,0.6673369146161854
4.901e-10,0.6633550191752828,0.6673369146161854
4.902e-10,0.6633550191752828,0.6673369146161854
4.903e-10,0.6633550191752828,0.6673369146161854
4.904e-10,0.6633550191752828,0.6673369146161854
4.905e-10,0.6633550191752828,0.6673369146161854
4.906e-10,0.6633550191752828,0.6673369146161854
4.907e-10,0.6633550191752828,0.6673369146161854
4.908e-10,0.6633550191752828,0.6673369146161854
4.909e-10,0.6633550191752828,0.6673369146161854
4.91e-10,0.6633550191752828,0.6673369146161854
4.911e-10,0.6633550191752828,0.6673369146161854
4.912e-10,0.6633550191752828,0.6673369146161854
4.913e-10,0.6633550191752828,0.6673369146161854
4.914e-10,0.6633550191752828,0.6673369146161854
4.915e-10,0.6633550191752828,0.6673369146161854
4.916e-10,0.6633550191752828,0.6673369146161854
4.917e-10,0.6633550191752828,0.6673369146161854
4.918e-10,0.6633550191752828,0.6673369146161854
4.919e-10,0.6633550191752828,0.6673369146161854
4.92e-10,0.6633550191752828,0.6673369146161854
4.921e-10,0.6633550191752828,0.6673369146161854
4.922e-10,0.6633550191752828,0.6673369146161854
4.923e-10,0.6633550191752828,0.6673369146161854
4.924e-10,0.6633550191752828,0.6673369146161854
4.925e-10,0.6633550191752828,0.6673369146161854
4.926e-10,0.6633550191752828,0.6673369146161854
4.927e-10,0.6633550191752828,0.6673369146161854
4.928e-10,0.6633550191752828,0.6673369146161854
4.929e-10,0.6633550191752828,0.6673369146161854
4.93e-10,0.6633550191752828,0.6673369146161854
4.931e-10,0.6633550191752828,0.6673369146161854
4.932e-10,0.6633550191752828,0.6673369146161854
4.933e-10,0.6633550191752828,0.6673369146161854
4.934e-10,0.6633550191752828,0.6673369146161854
4.935e-10,0.6633550191752828,0.6673369146161854
4.936e-10,0.6633550191752828,0.6673369146161854
4.937e-10,0.6633550191752828,0.6673369146161854
4.938e-10,0.6633550191752828,0.6673369146161854
4.939e-10,0.6633550191752828,0.6673369146161854
4.94e-10,0.6633550191752828,0.6673369146161854
4.941e-10,0.6633550191752828,0.6673369146161854
4.942e-10,0.6633550191752828,0.6673369146161854
4.943e-10,0.6633550191752828,0.6673369146161854
4.944e-10,0.6633550191752828,0.6673369146161854
4.945e-10,0.6633550191752828,0.6673369146161854
4.946e-10,0.6633550191752828,0.6673369146161854
4.947e-10,0.6633550191752828,0.6673369146161854
4.948e-10,0.6633550191752828,0.6673369146161854
4.949e-10,0.6633550191752828,0.6673369146161854
4.95e-10,0.6633550191752828,0.6673369146161854
4.951e-10,0.6633550191752828,0.6673369146161854
4.952e-10,0.6633550191752828,0.6673369146161854
4.953e-10,0.6633550191752828,0.6673369146161854
4.954e-10,0.6633550191752828,0.6673369146161854
4.955e-10,0.6633550191752828,0.6673369146161854
4.956e-10,0.6633550191752828,0.6673369146161854
4.957e-10,0.6633550191752828,0.6673369146161854
4.958e-10,0.6633550191752828,0.6673369146161854
4.959e-10,0.6633550191752828,0.6673369146161854
4.96e-10,0.6633550191752828,0.6673369146161854
4.961e-10,0.6633550191752828,0.6673369146161854
4.962e-10,0.6633550191752828,0.6673369146161854
4.963e-10,0.6633550191752828,0.6673369146161854
4.964e-10,0.6633550191752828,0.6673369146161854
4.965e-10,0.6633550191752828,0.6673369146161854
4.966e-10,0.6633550191752828,0.6673369146161854
4.967e-10,0.6633550191752828,0.6673369146161854
4.968e-10,0.6633550191752828,0.6673369146161854
4.969e-10,0.6633550191752828,0.6673369146161854
4.97e-10,0.6633550191752828,0.6673369146161854
4.971e-10,0.6633550191752828,0.6673369146161854
4.972e-10,0.6633550191752828,0.6673369146161854
4.973e-10,0.6633550191752828,0.6673369146161854
4.974e-10,0.6633550191752828,0.6673369146161854
4.975e-10,0.6633550191752828,0.6673369146161854
4.976e-10,0.6633550191752828,0.6673369146161854
4.977e-10,0.6633550191752828,0.6673369146161854
4.978e-10,0.6633550191752828,0.6673369146161854
4.979e-10,0.6633550191752828,0.6673369146161854
4.98e-10,0.6633550191752828,0.6673369146161854
4.981e-10,0.6633550191752828,0.6673369146161854
4.982e-10,0.6633550191752828,0.6673369146161854
4.983e-10,0.6633550191752828,0.6673369146161854
4.984e-10,0.6633550191752828,0.6673369146161854
4.985e-10,0.6633550191752828,0.6673369146161854
4.986e-10,0.6633550191752828,0.6673369146161854
4.987e-10,0.6633550191752828,0.6673369146161854
4.988e-10,0.6633550191752828,0.6673369146161854
4.989e-10,0.6633550191752828,0.6673369146161854
4.99e-10,0.6633550191752828,0.6673369146161854
4.991e-10,0.6633550191752828,0.6673369146161854
4.992e-10,0.6633550191752828,0.6673369146161854
4.993e-10,0.6633550191752828,0.6673369146161854
4.994e-10,0.6633550191752828,0.6673369146161854
4.995e-10,0.6633550191752828,0.6673369146161854
4.996e-10,0.6633550191752828,0.6673369146161854
4.997e-10,0.6633550191752828,0.6673369146161854
4.998e-10,0.6633550191752828,0.6673369146161854
4.999e-10,0.6633550191752828,0.6673369146161854
5e-10,0.6633550191752828,0.6673369146161854
5.001e-10,0.6633550191752828,0.6673369146161854
5.002e-10,0.6633550191752828,0.6673369146161854
5.003e-10,0.6633550191752828,0.6673369146161854
5.004e-10,0.6633550191752828,0.6673369146161854
5.005e-10,0.6633550191752828,0.6673369146161854
5.006e-10,0.6633550191752828,0.6673369146161854
5.007e-10,0.6633550191752828,0.6673369146161854
5.008e-10,0.6633550191752828,0.6673369146161854
5.009e-10,0.6633550191752828,0.6673369146161854
5.01e-10,0.6633550191752828,0.6673369146161854
5.011e-10,0.6633550191752828,0.6673369146161854
5.012e-10,0.6633550191752828,0.6673369146161854
5.013e-10,0.6633550191752828,0.6673369146161854
5.014e-10,0.6633550191752828,0.6673369146161854
5.015e-10,0.6633550191752828,0.6673369146161854
5.016e-10,0.6633550191752828,0.6673369146161854
5.017e-10,0.6633550191752828,0.6673369146161854
5.018e-10,0.6633550191752828,0.6673369146161854
5.019e-10,0.6633550191752828,0.6673369146161854
5.02e-10,0.6633550191752828,0.6673369146161854
5.021e-10,0.6633550191752828,0.6673369146161854
5.022e-10,0.6633550191752828,0.6673369146161854
5.023e-10,0.6633550191752828,0.6673369146161854
5.024e-10,0.6633550191752828,0.6673369146161854
5.025e-10,0.6633550191752828,0.6673369146161854
5.026e-10,0.6633550191752828,0.6673369146161854
5.027e-10,0.6633550191752828,0.6673369146161854
5.028e-10,0.6633550191752828,0.6673369146161854
5.029e-10,0.6633550191752828,0.6673369146161854
5.03e-10,0.6633550191752828,0.6673369146161854
5.031e-10,0.6633550191752828,0.6673369146161854
5.032e-10,0.6633550191752828,0.6673369146161854
5.033e-10,0.6633550191752828,0.6673369146161854
5.034e-10,0.6633550191752828,0.6673369146161854
5.035e-10,0.6633550191752828,0.6673369146161854
5.036e-10,0.6633550191752828,0.6673369146161854
5.037e-10,0.6633550191752828,0.6673369146161854
5.038e-10,0.6633550191752828,0.6673369146161854
5.039e-10,0.6633550191752828,0.6673369146161854
5.04e-10,0.6633550191752828,0.6673369146161854
5.041e-10,0.6633550191752828,0.6673369146161854
5.042e-10,0.6633550191752828,0.6673369146161854
5.043e-10,0.6633550191752828,0.6673369146161854
5.044e-10,0.6633550191752828,0.6673369146161854
5.045e-10,0.6633550191752828,0.6673369146161854
5.046e-10,0.6633550191752828,0.6673369146161854
5.047e-10,0.6633550191752828,0.6673369146161854
5.048e-10,0.6633550191752828,0.6673369146161854
5.049e-10,0.6633550191752828,0.6673369146161854
5.05e-10,0.6633550191752828,0.6673369146161854
5.051e-10,0.6633550191752828,0.6673369146161854
5.052e-10,0.6633550191752828,0.6673369146161854
5.053e-10,0.6633550191752828,0.6673369146161854
5.054e-10,0.6633550191752828,0.6673369146161854
5.055e-10,0.6633550191752828,0.6673369146161854
5.056e-10,0.6633550191752828,0.6673369146161854
5.057e-10,0.6633550191752828,0.6673369146161854
5.058e-10,0.6633550191752828,0.6673369146161854
5.059e-10,0.6633550191752828,0.6673369146161854
5.06e-10,0.6633550191752828,0.6673369146161854
5.061e-10,0.6633550191752828,0.6673369146161854
5.062e-10,0.6633550191752828,0.6673369146161854
5.063e-10,0.6633550191752828,0.6673369146161854
5.064e-10,0.6633550191752828,0.6673369146161854
5.065e-10,0.6633550191752828,0.6673369146161854
5.066e-10,0.6633550191752828,0.6673369146161854
5.067e-10,0.6633550191752828,0.6673369146161854
5.068e-10,0.6633550191752828,0.6673369146161854
5.069e-10,0.6633550191752828,0.6673369146161854
5.07e-10,0.6633550191752828,0.6673369146161854
5.071e-10,0.6633550191752828,0.6673369146161854
5.072e-10,0.6633550191752828,0.6673369146161854
5.073e-10,0.6633550191752828,0.6673369146161854
5.074e-10,0.6633550191752828,0.6673369146161854
5.075e-10,0.6633550191752828,0.6673369146161854
5.076e-10,0.6633550191752828,0.6673369146161854
5.077e-10,0.6633550191752828,0.6673369146161854
5.078e-10,0.6633550191752828,0.6673369146161854
5.079e-10,0.6633550191752828,0.6673369146161854
5.08e-10,0.6633550191752828,0.6673369146161854
5.081e-10,0.6633550191752828,0.6673369146161854
5.082e-10,0.6633550191752828,0.6673369146161854
5.083e-10,0.6633550191752828,0.6673369146161854
5.084e-10,0.6633550191752828,0.6673369146161854
5.085e-10,0.6633550191752828,0.6673369146161854
5.086e-10,0.6633550191752828,0.6673369146161854
5.087e-10,0.6633550191752828,0.6673369146161854
5.088e-10,0.6633550191752828,0.6673369146161854
5.089e-10,0.6633550191752828,0.6673369146161854
5.09e-10,0.6633550191752828,0.6673369146161854
5.091e-10,0.6633550191752828,0.6673369146161854
5.092e-10,0.6633550191752828,0.6673369146161854
5.093e-10,0.6633550191752828,0.6673369146161854
5.094e-10,0.6633550191752828,0.6673369146161854
5.095e-10,0.6633550191752828,0.6673369146161854
5.096e-10,0.6633550191752828,0.6673369146161854
5.097e-10,0.6633550191752828,0.6673369146161854
5.098e-10,0.6633550191752828,0.6673369146161854
5.099e-10,0.6633550191752828,0.6673369146161854
5.1e-10,0.6633550191752828,0.6673369146161854
5.101e-10,0.6633550191752828,0.6673369146161854
5.102e-10,0.6633550191752828,0.6673369146161854
5.103e-10,0.6633550191752828,0.6673369146161854
5.104e-10,0.6633550191752828,0.6673369146161854
5.105e-10,0.6633550191752828,0.6673369146161854
5.106e-10,0.6633550191752828,0.6673369146161854
5.107e-10,0.6633550191752828,0.6673369146161854
5.108e-10,0.6633550191752828,0.6673369146161854
5.109e-10,0.6633550191752828,0.6673369146161854
5.11e-10,0.6633550191752828,0.6673369146161854
5.111e-10,0.6633550191752828,0.6673369146161854
5.112e-10,0.6633550191752828,0.6673369146161854
5.113e-10,0.6633550191752828,0.6673369146161854
5.114e-10,0.6633550191752828,0.6673369146161854
5.115e-10,0.6633550191752828,0.6673369146161854
5.116e-10,0.6633550191752828,0.6673369146161854
5.117e-10,0.6633550191752828,0.6673369146161854
5.118e-10,0.6633550191752828,0.6673369146161854
5.119e-10,0.6633550191752828,0.6673369146161854
5.12e-10,0.6633550191752828,0.6673369146161854
5.121e-10,0.6633550191752828,0.6673369146161854
5.122e-10,0.6633550191752828,0.6673369146161854
5.123e-10,0.6633550191752828,0.6673369146161854
5.124e-10,0.6633550191752828,0.6673369146161854
5.125e-10,0.6633550191752828,0.6673369146161854
5.126e-10,0.6633550191752828,0.6673369146161854
5.127e-10,0.6633550191752828,0.6673369146161854
5.128e-10,0.6633550191752828,0.6673369146161854
5.129e-10,0.6633550191752828,0.6673369146161854
5.13e-10,0.6633550191752828,0.6673369146161854
5.131e-10,0.6633550191752828,0.6673369146161854
5.132e-10,0.6633550191752828,0.6673369146161854
5.133e-10,0.6633550191752828,0.6673369146161854
5.134e-10,0.6633550191752828,0.6673369146161854
5.135e-10,0.6633550191752828,0.6673369146161854
5.136e-10,0.6633550191752828,0.6673369146161854
5.137e-10,0.6633550191752828,0.6673369146161854
5.138e-10,0.6633550191752828,0.6673369146161854
5.139e-10,0.6633550191752828,0.6673369146161854
5.14e-10,0.6633550191752828,0.6673369146161854
5.141e-10,0.6633550191752828,0.6673369146161854
5.142e-10,0.6633550191752828,0.6673369146161854
5.143e-10,0.6633550191752828,0.6673369146161854
5.144e-10,0.6633550191752828,0.6673369146161854
5.145e-10,0.6633550191752828,0.6673369146161854
5.146e-10,0.6633550191752828,0.6673369146161854
5.147e-10,0.6633550191752828,0.6673369146161854
5.148e-10,0.6633550191752828,0.6673369146161854
5.149e-10,0.6633550191752828,0.6673369146161854
5.15e-10,0.6633550191752828,0.6673369146161854
5.151e-10,0.6633550191752828,0.6673369146161854
5.152e-10,0.6633550191752828,0.6673369146161854
5.153e-10,0.6633550191752828,0.6673369146161854
5.154e-10,0.6633550191752828,0.6673369146161854
5.155e-10,0.6633550191752828,0.6673369146161854
5.156e-10,0.6633550191752828,0.6673369146161854
5.157e-10,0.6633550191752828,0.6673369146161854
5.158e-10,0.6633550191752828,0.6673369146161854
5.159e-10,0.6633550191752828,0.6673369146161854
5.16e-10,0.6633550191752828,0.6673369146161854
5.161e-10,0.6633550191752828,0.6673369146161854
5.162e-10,0.6633550191752828,0.6673369146161854
5.163e-10,0.6633550191752828,0.6673369146161854
5.164e-10,0.6633550191752828,0.6673369146161854
5.165e-10,0.6633550191752828,0.6673369146161854
5.166e-10,0.6633550191752828,0.6673369146161854
5.167e-10,0.6633550191752828,0.6673369146161854
5.168e-10,0.6633550191752828,0.6673369146161854
5.169e-10,0.6633550191752828,0.6673369146161854
5.17e-10,0.6633550191752828,0.6673369146161854
5.171e-10,0.6633550191752828,0.6673369146161854
5.172e-10,0.6633550191752828,0.6673369146161854
5.173e-10,0.6633550191752828,0.6673369146161854
5.174e-10,0.6633550191752828,0.6673369146161854
5.175e-10,0.6633550191752828,0.6673369146161854
5.176e-10,0.6633550191752828,0.6673369146161854
5.177e-10,0.6633550191752828,0.6673369146161854
5.178e-10,0.6633550191752828,0.6673369146161854
5.179e-10,0.6633550191752828,0.6673369146161854
5.18e-10,0.6633550191752828,0.6673369146161854
5.181e-10,0.6633550191752828,0.6673369146161854
5.182e-10,0.6633550191752828,0.6673369146161854
5.183e-10,0.6633550191752828,0.6673369146161854
5.184e-10,0.6633550191752828,0.6673369146161854
5.185e-10,0.6633550191752828,0.6673369146161854
5.186e-10,0.6633550191752828,0.6673369146161854
5.187e-10,0.6633550191752828,0.6673369146161854
5.188e-10,0.6633550191752828,0.6673369146161854
5.189e-10,0.6633550191752828,0.6673369146161854
5.19e-10,0.6633550191752828,0.6673369146161854
5.191e-10,0.6633550191752828,0.6673369146161854
5.192e-10,0.6633550191752828,0.6673369146161854
5.193e-10,0.6633550191752828,0.6673369146161854
5.194e-10,0.6633550191752828,0.6673369146161854
5.195e-10,0.6633550191752828,0.6673369146161854
5.196e-10,0.6633550191752828,0.6673369146161854
5.197e-10,0.6633550191752828,0.6673369146161854
5.198e-10,0.6633550191752828,0.6673369146161854
5.199e-10,0.6633550191752828,0.6673369146161854
5.2e-10,0.6633550191752828,0.6673369146161854
5.201e-10,0.6633550191752828,0.6673369146161854
5.202e-10,0.6633550191752828,0.6673369146161854
5.203e-10,0.6633550191752828,0.6673369146161854
5.204e-10,0.6633550191752828,0.6673369146161854
5.205e-10,0.6633550191752828,0.6673369146161854
5.206e-10,0.6633550191752828,0.6673369146161854
5.207e-10,0.6633550191752828,0.6673369146161854
5.208e-10,0.6633550191752828,0.6673369146161854
5.209e-10,0.6633550191752828,0.6673369146161854
5.21e-10,0.6633550191752828,0.6673369146161854
5.211e-10,0.6633550191752828,0.6674168328832866
5.212e-10,0.6633550191752828,0.6674943005895357
5.213e-10,0.6633550191752828,0.667568878264232
5.214e-10,0.6633550191752828,0.6676403982970152
5.215e-10,0.6633550191752828,0.6677088342303548
5.216e-10,0.6633550191752828,0.6677742321948191
5.217e-10,0.6633550191752828,0.6678366748056461
5.218e-10,0.6633550191752828,0.6678962621297245
5.219e-10,0.6633550191752828,0.6679531016426873
5.22e-10,0.6633550191752828,0.6680073029295182
5.221e-10,0.6633550191752828,0.6680589748939253
5.222e-10,0.6633550191752828,0.6681082242986276
5.223e-10,0.6633550191752828,0.6681553083982091
5.224e-10,0.6633550191752828,0.6681553083982091
5.225e-10,0.6633550191752828,0.6682011312916477
5.226e-10,0.6633550191752828,0.6682011312916477
5.227e-10,0.6633550191752828,0.6682455749094149
5.228e-10,0.6633550191752828,0.6682455749094149
5.229e-10,0.6633550191752828,0.6682885625381993
5.23e-10,0.6633550191752828,0.6682885625381993
5.231e-10,0.6633550191752828,0.6682885625381993
5.232e-10,0.6633550191752828,0.6683304982850038
5.233e-10,0.6633550191752828,0.6683304982850038
5.234e-10,0.6633550191752828,0.6683304982850038
5.235e-10,0.6633550191752828,0.6683304982850038
5.236e-10,0.6633550191752828,0.6683304982850038
5.237e-10,0.6633550191752828,0.6683304982850038
5.238e-10,0.6633550191752828,0.6683304982850038
5.239e-10,0.6633550191752828,0.6683304982850038
5.24e-10,0.6633550191752828,0.6683304982850038
5.241e-10,0.6633550191752828,0.6683304982850038
5.242e-10,0.6633550191752828,0.6683304982850038
5.243e-10,0.6633550191752828,0.6683304982850038
5.244e-10,0.6633550191752828,0.6683758865458674
5.245e-10,0.6633550191752828,0.6683758865458674
5.246e-10,0.6633550191752828,0.6684194600266067
5.247e-10,0.6633550191752828,0.6684194600266067
5.248e-10,0.6633550191752828,0.6684612388367097
5.249e-10,0.6633550191752828,0.6684612388367097
5.25e-10,0.6633550191752828,0.6685012534721754
5.251e-10,0.6633550191752828,0.6685012534721754
5.252e-10,0.6633550191752828,0.6685407501924817
5.253e-10,0.6633550191752828,0.6685792719552622
5.254e-10,0.6633550191752828,0.6686167500424914
5.255e-10,0.6633550191752828,0.6686531513996564
5.256e-10,0.6633550191752828,0.6686884642417598
5.257e-10,0.6633550191752828,0.6687226898065962
5.258e-10,0.6633550191752828,0.6687558375812611
5.259e-10,0.6633550191752828,0.6687879224848695
5.26e-10,0.6633550191752828,0.6688189631606898
5.261e-10,0.6633550191752828,0.668848980903504
5.262e-10,0.6633550191752828,0.6688779989556612
5.263e-10,0.6633550191752828,0.6689060420212953
5.264e-10,0.6633550191752828,0.668933135913166
5.265e-10,0.6633550191752828,0.6689593072830987
5.266e-10,0.6633550191752828,0.6689860408330245
5.267e-10,0.6633550191752828,0.6690136491529092
5.268e-10,0.6633550191752828,0.6690418300435111
5.269e-10,0.6633550191752828,0.6690703693461588
5.27e-10,0.6633550191752828,0.6690991085834366
5.271e-10,0.6633550191752828,0.6691279259206347
5.272e-10,0.6633550191752828,0.6691567248069007
5.273e-10,0.6633550191752828,0.6691854270598661
5.274e-10,0.6633550191752828,0.6692139685381202
5.275e-10,0.6633550191752828,0.6692422963342524
5.276e-10,0.6633550191752828,0.6692703668724278
5.277e-10,0.6633550191752828,0.6692981445534093
5.278e-10,0.6633550191752828,0.6693256007389295
5.279e-10,0.6633550191752828,0.6693527129533042
5.28e-10,0.6633550191752828,0.6693807231756167
5.281e-10,0.6633550191752828,0.6694106080387603
5.282e-10,0.6633550191752828,0.6694418757757941
5.283e-10,0.6633550191752828,0.6694742248681964
5.284e-10,0.6633550191752828,0.6695074234957049
5.285e-10,0.6633550191752828,0.6695412869945089
5.286e-10,0.6633550191752828,0.6695756646973546
5.287e-10,0.6633550191752828,0.669610431696948
5.288e-10,0.6633550191752828,0.6696457050559097
5.289e-10,0.6633550191752828,0.6696816475309929
5.29e-10,0.6633550191752828,0.6697181915797746
5.291e-10,0.6633550191752828,0.6697552735340415
5.292e-10,0.6633550191752828,0.6697928364964918
5.293e-10,0.6633550191752828,0.6698308317004023
5.294e-10,0.6633550191752828,0.6698695964401551
5.295e-10,0.6633550191752828,0.6699112597029342
5.296e-10,0.6633550191752828,0.6699551167237694
5.297e-10,0.6633550191752828,0.6700006837767102
5.298e-10,0.6633550191752828,0.6700476181013895
5.299e-10,0.6633550191752828,0.6700956681966878
5.3e-10,0.6633550191752828,0.6701446433056046
5.301e-10,0.6633550191752828,0.6701943945316539
5.302e-10,0.6633550191752828,0.6702448030230415
5.303e-10,0.6633550191752828,0.6702957724662649
5.304e-10,0.6633550191752828,0.6703472242194448
5.305e-10,0.6633550191752828,0.6703990940729051
5.306e-10,0.6633550191752828,0.6704513300217642
5.307e-10,0.6633550191752828,0.6705038906757483
5.308e-10,0.6633550191752828,0.6705567440772077
5.309e-10,0.6633550191752828,0.6706137939001222
5.31e-10,0.6633550191752828,0.6706746122987118
5.311e-10,0.6633550191752828,0.6707382853246134
5.312e-10,0.6633550191752828,0.6708041805289607
5.313e-10,0.6633550191752828,0.670871848016066
5.314e-10,0.6633550191752828,0.6709409579150164
5.315e-10,0.6633550191752828,0.6710147351685334
5.316e-10,0.6633550191752828,0.6710974763353462
5.317e-10,0.6633550191752828,0.6711866368706317
5.318e-10,0.6633550191752828,0.6712803669717382
5.319e-10,0.6633550191752828,0.6713773524675386
5.32e-10,0.6633550191752828,0.6714766454727693
5.321e-10,0.6633550191752828,0.671575292029462
5.322e-10,0.6633550191752828,0.6716691723438691
5.323e-10,0.6633550191752828,0.6717595972847119
5.324e-10,0.6633550191752828,0.6718474705086177
5.325e-10,0.6633550191752828,0.6719334867967717
5.326e-10,0.6633550191752828,0.6720181614930735
5.327e-10,0.6633550191752828,0.6721018750458407
5.328e-10,0.6633550191752828,0.6721849067480471
5.329e-10,0.6633550191752828,0.6722674602738578
5.33e-10,0.6633550191752828,0.6723503876383933
5.331e-10,0.6633550191752828,0.6724376098157349
5.332e-10,0.6633550191752828,0.6725277482138955
5.333e-10,0.6633550191752828,0.6726199155626691
5.334e-10,0.6633550191752828,0.6727134289317367
5.335e-10,0.6633550191752828,0.6728077612719244
5.336e-10,0.6633550191752828,0.6729025043687519
5.337e-10,0.6633550191752828,0.672997240450467
5.338e-10,0.6633550191752828,0.6730871389397898
5.339e-10,0.6633550191752828,0.6731730271381656
5.34e-10,0.6633550191752828,0.6732555506048162
5.341e-10,0.6633550191752828,0.6733352094404917
5.342e-10,0.6633550191752828,0.673413390828874
5.343e-10,0.6633550191752828,0.6734974593000218
5.344e-10,0.6633550191752828,0.6735867538289368
5.345e-10,0.6633550191752828,0.6736804018728464
5.346e-10,0.6633550191752828,0.6737776896726507
5.347e-10,0.6633550191752828,0.6738780338208623
5.348e-10,0.6633550191752828,0.6739809581770192
5.349e-10,0.6633550191752828,0.6740860749523676
5.35e-10,0.6633550191752828,0.6741930691846414
5.351e-10,0.6633550191752828,0.674301685979111
5.352e-10,0.6633550191752828,0.6744055462201866
5.353e-10,0.6633550191752828,0.6745071484148499
5.354e-10,0.6633550191752828,0.6746071921166674
5.355e-10,0.6633550191752828,0.6747061739726702
5.356e-10,0.6633550191752828,0.674804575654885
5.357e-10,0.6633550191752828,0.6749028024625653
5.358e-10,0.6633550191752828,0.6750011929483059
5.359e-10,0.6633550191752828,0.6751000272935154
5.36e-10,0.6633550191752828,0.6751995345775496
5.361e-10,0.6633550191752828,0.675299899112506
5.362e-10,0.6633550191752828,0.6754044080286821
5.363e-10,0.6633550191752828,0.6755145124369437
5.364e-10,0.6633550191752828,0.6756296418740072
5.365e-10,0.6633550191752828,0.6757490288546757
5.366e-10,0.6633550191752828,0.6758708797876409
5.367e-10,0.6633550191752828,0.6759904048378124
5.368e-10,0.6633550191752828,0.6761078141785208
5.369e-10,0.6633550191752828,0.6762232905055847
5.37e-10,0.6633550191752828,0.6763370615313957
5.371e-10,0.6633550191752828,0.6764490745394166
5.372e-10,0.6633550191752828,0.6765592503619635
5.373e-10,0.6633550191752828,0.6766678878128235
5.374e-10,0.6633550191752828,0.6767752411827735
5.375e-10,0.6633550191752828,0.6768815235749517
5.376e-10,0.6633550191752828,0.6769869103638072
5.377e-10,0.6633550191752828,0.6770915425251034
5.378e-10,0.6633550191752828,0.677193693353809
5.379e-10,0.6633550191752828,0.6772925254455047
5.38e-10,0.6633550191752828,0.6773879441482126
5.381e-10,0.6633550191752828,0.677479795742112
5.382e-10,0.6633550191752828,0.6775679625155263
5.383e-10,0.6633550191752828,0.6776523297481405
5.384e-10,0.6633550191752828,0.6777327869629309
5.385e-10,0.6633550191752828,0.6778092291072882
5.386e-10,0.6633550191752828,0.6778831929480412
5.387e-10,0.6633550191752828,0.6779534929799493
5.388e-10,0.6633550191752828,0.678020145066978
5.389e-10,0.6633550191752828,0.678083215816658
5.39e-10,0.6633550191752828,0.6781427699528219
5.391e-10,0.6633550191752828,0.6781988696826331
5.392e-10,0.6633550191752828,0.6782515741845975
5.393e-10,0.6633550191752828,0.6783009391528274
5.394e-10,0.6633550191752828,0.6783421712549295
5.395e-10,0.6633550191752828,0.6783753264488266
5.396e-10,0.6633550191752828,0.6784007646626696
5.397e-10,0.6633550191752828,0.678418835765915
5.398e-10,0.6633550191752828,0.678429396726276
5.399e-10,0.6633550191752828,0.6784327513832726
5.4e-10,0.6633550191752828,0.6784292807110758
5.401e-10,0.6633550191752828,0.6784193427653367
5.402e-10,0.6633550191752828,0.678403273533446
5.403e-10,0.6633550191752828,0.6783829383636343
5.404e-10,0.6633550191752828,0.6783586511307579
5.405e-10,0.6633550191752828,0.6783305663064556
5.406e-10,0.6633550191752828,0.6782988225880593
5.407e-10,0.6633550191752828,0.6782635451738226
5.408e-10,0.6633550191752828,0.6782248469573803
5.409e-10,0.6633550191752828,0.678182020498531
5.41e-10,0.6633550191752828,0.6781351320275458
5.411e-10,0.6633550191752828,0.6781045833362044
5.412e-10,0.6633550191752828,0.6780666580992349
5.413e-10,0.6633550191752828,0.6780200471848287
5.414e-10,0.6633550191752828,0.6779643259043064
5.415e-10,0.6633550191752828,0.6778992439121287
5.416e-10,0.6633550191752828,0.6778257603780028
5.417e-10,0.6633550191752828,0.6777447562563771
5.418e-10,0.6633550191752828,0.6776570404979075
5.419e-10,0.6633550191752828,0.6775633558927461
5.42e-10,0.6633550191752828,0.6774643844219379
5.421e-10,0.6633550191752828,0.6773607521593145
5.422e-10,0.6633550191752828,0.6772530337627285
5.423e-10,0.6633550191752828,0.6771417565901845
5.424e-10,0.6633550191752828,0.6770274044733663
5.425e-10,0.6633550191752828,0.6769104211782563
5.426e-10,0.6633550191752828,0.6767912135799506
5.427e-10,0.6633550191752828,0.676669895867743
5.428e-10,0.6633550191752828,0.6765459167818619
5.429e-10,0.6633550191752828,0.6764197535218768
5.43e-10,0.6633550191752828,0.6762918317556519
5.431e-10,0.6633550191752828,0.6761625389332104
5.432e-10,0.6633550191752828,0.6760322273763777
5.433e-10,0.6633550191752828,0.6759012171230719
5.434e-10,0.6633550191752828,0.675769798545385
5.435e-10,0.6633550191752828,0.6756382347593268
5.436e-10,0.6633550191752828,0.6755067638427219
5.437e-10,0.6633550191752828,0.6753756008764629
5.438e-10,0.6633550191752828,0.675244939823145
5.439e-10,0.6633550191752828,0.6751149552560055
5.44e-10,0.6633550191752828,0.6749858039500801
5.441e-10,0.6633550191752828,0.6748576263465528
5.442e-10,0.6633550191752828,0.6747305479004052
5.443e-10,0.6633550191752828,0.6746046803206753
5.444e-10,0.6633550191752828,0.6744801227118923
5.445e-10,0.6633550191752828,0.6743569626245758
5.446e-10,0.6633550191752828,0.6742352770220561
5.447e-10,0.6633550191752828,0.6741151331702919
5.448e-10,0.6633550191752828,0.6739965894568288
5.449e-10,0.6633550191752828,0.6738796961445477
5.45e-10,0.6633550191752828,0.6737644960653998
5.451e-10,0.6633550191752828,0.6736510252589076
5.452e-10,0.6633550191752828,0.6735393135598262
5.453e-10,0.6633550191752828,0.6734293851390067
5.454e-10,0.6633550191752828,0.673321259001179
5.455e-10,0.6633550191752828,0.6732149494430718
5.456e-10,0.6633550191752828,0.6731104664750138
5.457e-10,0.6633550191752828,0.6730078162089067
5.458e-10,0.6633550191752828,0.67290700121523
5.459e-10,0.6633550191752828,0.6728080208515232
5.46e-10,0.6633550191752828,0.6727108715645974
5.461e-10,0.6633550191752828,0.6726155471685439
5.462e-10,0.6633550191752828,0.6725220391004475
5.463e-10,0.6633550191752828,0.6724303366555568
5.464e-10,0.6633550191752828,0.672340427203525
5.465e-10,0.6633550191752828,0.6722522963872058
5.466e-10,0.6633550191752828,0.6721659283053733
5.467e-10,0.6633550191752828,0.6720813056806232
5.468e-10,0.6633550191752828,0.6719984100136164
5.469e-10,0.6633550191752828,0.6719172217247305
5.47e-10,0.6633550191752828,0.6718377202841048
5.471e-10,0.6633550191752828,0.6717596741344369
5.472e-10,0.6633550191752828,0.6716830278943653
5.473e-10,0.6633550191752828,0.6716077888551969
5.474e-10,0.6633550191752828,0.6715339614478455
5.475e-10,0.6633550191752828,0.6714615474732181
5.476e-10,0.6633550191752828,0.6713905463173627
5.477e-10,0.6633550191752828,0.6713209551525738
5.478e-10,0.6633550191752828,0.6712527948772977
5.479e-10,0.6633550191752828,0.6711860711999006
5.48e-10,0.6633550191752828,0.671120771021036
5.481e-10,0.6633550191752828,0.6710568800546475
5.482e-10,0.6633550191752828,0.670994382985597
5.483e-10,0.6633550191752828,0.6709332635794975
5.484e-10,0.6633550191752828,0.6708735047844886
5.485e-10,0.6633550191752828,0.670815088825553
5.486e-10,0.6633550191752828,0.6707579972919154
5.487e-10,0.6633550191752828,0.6707022112180198
5.488e-10,0.6633550191752828,0.6706477111585363
5.489e-10,0.6633550191752828,0.6705944772578145
5.49e-10,0.6633550191752828,0.6705424893141636
5.491e-10,0.6633550191752828,0.670491726839313
5.492e-10,0.6633550191752828,0.670442169113379
5.493e-10,0.6633550191752828,0.6703937952356387
5.494e-10,0.6633550191752828,0.6703465841713933
5.495e-10,0.6633550191752828,0.6703005147951783
5.496e-10,0.6633550191752828,0.6702555659305663
5.497e-10,0.6633550191752828,0.6702117163867853
5.498e-10,0.6633550191752828,0.6701689449923649
5.499e-10,0.6633550191752828,0.6701272306260068
5.5e-10,0.6633550191752828,0.6700865522448625
5.501e-10,0.6633550191752828,0.6700865522448625
5.502e-10,0.6633550191752828,0.6700865522448625
5.503e-10,0.6633550191752828,0.6700865522448625
5.504e-10,0.6633550191752828,0.6700865522448625
5.505e-10,0.6633550191752828,0.6700865522448625
5.506e-10,0.6633550191752828,0.6700865522448625
5.507e-10,0.6633550191752828,0.6700865522448625
5.508e-10,0.6633550191752828,0.6700865522448625
5.509e-10,0.6633550191752828,0.6700865522448625
5.51e-10,0.6633550191752828,0.6700865522448625
5.511e-10,0.6633550191752828,0.6700865522448625
5.512e-10,0.6633550191752828,0.6700865522448625
5.513e-10,0.6633550191752828,0.6700865522448625
5.514e-10,0.6633550191752828,0.6700865522448625
5.515e-10,0.6633550191752828,0.6700865522448625
5.516e-10,0.6633550191752828,0.6700865522448625
5.517e-10,0.6633550191752828,0.6700865522448625
5.518e-10,0.6633550191752828,0.6700865522448625
5.519e-10,0.6633550191752828,0.6700865522448625
5.52e-10,0.6633550191752828,0.6700865522448625
5.521e-10,0.6633550191752828,0.6700865522448625
5.522e-10,0.6633550191752828,0.6700865522448625
5.523e-10,0.6633550191752828,0.6700865522448625
5.524e-10,0.6633550191752828,0.6700865522448625
5.525e-10,0.6633550191752828,0.6700865522448625
5.526e-10,0.6633550191752828,0.6700865522448625
5.527e-10,0.6633550191752828,0.6700865522448625
5.528e-10,0.6633550191752828,0.6700865522448625
5.529e-10,0.6633550191752828,0.6700865522448625
5.53e-10,0.6633550191752828,0.6700865522448625
5.531e-10,0.6633550191752828,0.6700865522448625
5.532e-10,0.6633550191752828,0.6700865522448625
5.533e-10,0.6633550191752828,0.6700865522448625
5.534e-10,0.6633550191752828,0.6700865522448625
5.535e-10,0.6633550191752828,0.6700865522448625
5.536e-10,0.6633550191752828,0.6700865522448625
5.537e-10,0.6633550191752828,0.6700865522448625
5.538e-10,0.6633550191752828,0.6700865522448625
5.539e-10,0.6633550191752828,0.6700865522448625
5.54e-10,0.6633550191752828,0.6700865522448625
5.541e-10,0.6633550191752828,0.6700865522448625
5.542e-10,0.6633550191752828,0.6700865522448625
5.543e-10,0.6633550191752828,0.6700865522448625
5.544e-10,0.6633550191752828,0.6700865522448625
5.545e-10,0.6633550191752828,0.6700865522448625
5.546e-10,0.6633550191752828,0.6700865522448625
5.547e-10,0.6633550191752828,0.6700865522448625
5.548e-10,0.6633550191752828,0.6700865522448625
5.549e-10,0.6633550191752828,0.6700865522448625
5.55e-10,0.6633550191752828,0.6700865522448625
5.551e-10,0.6633550191752828,0.6700865522448625
5.552e-10,0.6633550191752828,0.6700865522448625
5.553e-10,0.6633550191752828,0.6700865522448625
5.554e-10,0.6633550191752828,0.6700865522448625
5.555e-10,0.6633550191752828,0.6700865522448625
5.556e-10,0.6633550191752828,0.6700865522448625
5.557e-10,0.6633550191752828,0.6700865522448625
5.558e-10,0.6633550191752828,0.6700865522448625
5.559e-10,0.6633550191752828,0.6700865522448625
5.56e-10,0.6633550191752828,0.6700865522448625
5.561e-10,0.6633550191752828,0.6700865522448625
5.562e-10,0.6633550191752828,0.6700865522448625
5.563e-10,0.6633550191752828,0.6700865522448625
5.564e-10,0.6633550191752828,0.6700865522448625
5.565e-10,0.6633550191752828,0.6700865522448625
5.566e-10,0.6633550191752828,0.6700865522448625
5.567e-10,0.6633550191752828,0.6700865522448625
5.568e-10,0.6633550191752828,0.6700865522448625
5.569e-10,0.6633550191752828,0.6700865522448625
5.57e-10,0.6633550191752828,0.6700865522448625
5.571e-10,0.6633550191752828,0.6700865522448625
5.572e-10,0.6633550191752828,0.6700865522448625
5.573e-10,0.6633550191752828,0.6700865522448625
5.574e-10,0.6633550191752828,0.6700865522448625
5.575e-10,0.6633550191752828,0.6700865522448625
5.576e-10,0.6633550191752828,0.6700865522448625
5.577e-10,0.6633550191752828,0.6700865522448625
5.578e-10,0.6633550191752828,0.6700865522448625
5.579e-10,0.6633550191752828,0.6700865522448625
5.58e-10,0.6633550191752828,0.6700865522448625
5.581e-10,0.6633550191752828,0.6700865522448625
5.582e-10,0.6633550191752828,0.6700865522448625
5.583e-10,0.6633550191752828,0.6700865522448625
5.584e-10,0.6633550191752828,0.6700865522448625
5.585e-10,0.6633550191752828,0.6700865522448625
5.586e-10,0.6633550191752828,0.6700865522448625
5.587e-10,0.6633550191752828,0.6700865522448625
5.588e-10,0.6633550191752828,0.6700865522448625
5.589e-10,0.6633550191752828,0.6700865522448625
5.59e-10,0.6633550191752828,0.6700865522448625
5.591e-10,0.6633550191752828,0.6700865522448625
5.592e-10,0.6633550191752828,0.6700865522448625
5.593e-10,0.6633550191752828,0.6700865522448625
5.594e-10,0.6633550191752828,0.6700865522448625
5.595e-10,0.6633550191752828,0.6700865522448625
5.596e-10,0.6633550191752828,0.6700865522448625
5.597e-10,0.6633550191752828,0.6700865522448625
5.598e-10,0.6633550191752828,0.6700865522448625
5.599e-10,0.6633550191752828,0.6700865522448625
5.6e-10,0.6633550191752828,0.6700865522448625
5.601e-10,0.6633550191752828,0.6700865522448625
5.602e-10,0.6633550191752828,0.6700865522448625
5.603e-10,0.6633550191752828,0.6700865522448625
5.604e-10,0.6633550191752828,0.6700865522448625
5.605e-10,0.6633550191752828,0.6700865522448625
5.606e-10,0.6633550191752828,0.6700865522448625
5.607e-10,0.6633550191752828,0.6700865522448625
5.608e-10,0.6633550191752828,0.6700865522448625
5.609e-10,0.6633550191752828,0.6700865522448625
5.61e-10,0.6633550191752828,0.6700865522448625
5.611e-10,0.6633550191752828,0.6700865522448625
5.612e-10,0.6633550191752828,0.6700865522448625
5.613e-10,0.6633550191752828,0.6700865522448625
5.614e-10,0.6633550191752828,0.6700865522448625
5.615e-10,0.6633550191752828,0.6700865522448625
5.616e-10,0.6633550191752828,0.6700865522448625
5.617e-10,0.6633550191752828,0.6700865522448625
5.618e-10,0.6633550191752828,0.6700865522448625
5.619e-10,0.6633550191752828,0.6700865522448625
5.62e-10,0.6633550191752828,0.6700865522448625
5.621e-10,0.6633550191752828,0.6700865522448625
5.622e-10,0.6633550191752828,0.6700865522448625
5.623e-10,0.6633550191752828,0.6700865522448625
5.624e-10,0.6633550191752828,0.6700865522448625
5.625e-10,0.6633550191752828,0.6700865522448625
5.626e-10,0.6633550191752828,0.6700865522448625
5.627e-10,0.6633550191752828,0.6700865522448625
5.628e-10,0.6633550191752828,0.6700865522448625
5.629e-10,0.6633550191752828,0.6700865522448625
5.63e-10,0.6633550191752828,0.6700865522448625
5.631e-10,0.6633550191752828,0.6700865522448625
5.632e-10,0.6633550191752828,0.6700865522448625
5.633e-10,0.6633550191752828,0.6700865522448625
5.634e-10,0.6633550191752828,0.6700865522448625
5.635e-10,0.6633550191752828,0.6700865522448625
5.636e-10,0.6633550191752828,0.6700865522448625
5.637e-10,0.6633550191752828,0.6700865522448625
5.638e-10,0.6633550191752828,0.6700865522448625
5.639e-10,0.6633550191752828,0.6700865522448625
5.64e-10,0.6633550191752828,0.6700865522448625
5.641e-10,0.6633550191752828,0.6700865522448625
5.642e-10,0.6633550191752828,0.6700865522448625
5.643e-10,0.6633550191752828,0.6700865522448625
5.644e-10,0.6633550191752828,0.6700865522448625
5.645e-10,0.6633550191752828,0.6700865522448625
5.646e-10,0.6633550191752828,0.6700865522448625
5.647e-10,0.6633550191752828,0.6700865522448625
5.648e-10,0.6633550191752828,0.6700865522448625
5.649e-10,0.6633550191752828,0.6700865522448625
5.65e-10,0.6633550191752828,0.6700865522448625
5.651e-10,0.6633550191752828,0.6700865522448625
5.652e-10,0.6633550191752828,0.6700865522448625
5.653e-10,0.6633550191752828,0.6700865522448625
5.654e-10,0.6633550191752828,0.6700865522448625
5.655e-10,0.6633550191752828,0.6700865522448625
5.656e-10,0.6633550191752828,0.6700865522448625
5.657e-10,0.6633550191752828,0.6700865522448625
5.658e-10,0.6633550191752828,0.6700865522448625
5.659e-10,0.6633550191752828,0.6700865522448625
5.66e-10,0.6633550191752828,0.6700865522448625
5.661e-10,0.6633550191752828,0.6700865522448625
5.662e-10,0.6633550191752828,0.6700865522448625
5.663e-10,0.6633550191752828,0.6700865522448625
5.664e-10,0.6633550191752828,0.6700865522448625
5.665e-10,0.6633550191752828,0.6700865522448625
5.666e-10,0.6633550191752828,0.6700865522448625
5.667e-10,0.6633550191752828,0.6700865522448625
5.668e-10,0.6633550191752828,0.6700865522448625
5.669e-10,0.6633550191752828,0.6700865522448625
5.67e-10,0.6633550191752828,0.6700865522448625
5.671e-10,0.6633550191752828,0.6700865522448625
5.672e-10,0.6633550191752828,0.6700865522448625
5.673e-10,0.6633550191752828,0.6700865522448625
5.674e-10,0.6633550191752828,0.6700865522448625
5.675e-10,0.6633550191752828,0.6700865522448625
5.676e-10,0.6633550191752828,0.6700865522448625
5.677e-10,0.6633550191752828,0.6700865522448625
5.678e-10,0.6633550191752828,0.6700865522448625
5.679e-10,0.6633550191752828,0.6700865522448625
5.68e-10,0.6633550191752828,0.6700865522448625
5.681e-10,0.6633550191752828,0.6700865522448625
5.682e-10,0.6633550191752828,0.6700865522448625
5.683e-10,0.6633550191752828,0.6700865522448625
5.684e-10,0.6633550191752828,0.6700865522448625
5.685e-10,0.6633550191752828,0.6700865522448625
5.686e-10,0.6633550191752828,0.6700865522448625
5.687e-10,0.6633550191752828,0.6700865522448625
5.688e-10,0.6633550191752828,0.6700865522448625
5.689e-10,0.6633550191752828,0.6700865522448625
5.69e-10,0.6633550191752828,0.6700865522448625
5.691e-10,0.6633550191752828,0.6700865522448625
5.692e-10,0.6633550191752828,0.6700865522448625
5.693e-10,0.6633550191752828,0.6700865522448625
5.694e-10,0.6633550191752828,0.6700865522448625
5.695e-10,0.6633550191752828,0.6700865522448625
5.696e-10,0.6633550191752828,0.6700865522448625
5.697e-10,0.6633550191752828,0.6700865522448625
5.698e-10,0.6633550191752828,0.6700865522448625
5.699e-10,0.6633550191752828,0.6700865522448625
5.7e-10,0.6633550191752828,0.6700865522448625
5.701e-10,0.6633550191752828,0.6700865522448625
5.702e-10,0.6633550191752828,0.6700865522448625
5.703e-10,0.6633550191752828,0.6700865522448625
5.704e-10,0.6633550191752828,0.6700865522448625
5.705e-10,0.6633550191752828,0.6700865522448625
5.706e-10,0.6633550191752828,0.6700865522448625
5.707e-10,0.6633550191752828,0.6700865522448625
5.708e-10,0.6633550191752828,0.6700865522448625
5.709e-10,0.6633550191752828,0.6700865522448625
5.71e-10,0.6633550191752828,0.6700865522448625
5.711e-10,0.6633550191752828,0.6700865522448625
5.712e-10,0.6633550191752828,0.6700865522448625
5.713e-10,0.6633550191752828,0.6700865522448625
5.714e-10,0.6633550191752828,0.6700865522448625
5.715e-10,0.6633550191752828,0.6700865522448625
5.716e-10,0.6633550191752828,0.6700865522448625
5.717e-10,0.6633550191752828,0.6700865522448625
5.718e-10,0.6633550191752828,0.6700865522448625
5.719e-10,0.6633550191752828,0.6700865522448625
5.72e-10,0.6633550191752828,0.6700865522448625
5.721e-10,0.6633550191752828,0.6700865522448625
5.722e-10,0.6633550191752828,0.6700865522448625
5.723e-10,0.6633550191752828,0.6700865522448625
5.724e-10,0.6633550191752828,0.6700865522448625
5.725e-10,0.6633550191752828,0.6700865522448625
5.726e-10,0.6633550191752828,0.6700865522448625
5.727e-10,0.6633550191752828,0.6700865522448625
5.728e-10,0.6633550191752828,0.6700865522448625
5.729e-10,0.6633550191752828,0.6700865522448625
5.73e-10,0.6633550191752828,0.6700865522448625
5.731e-10,0.6633550191752828,0.6700865522448625
5.732e-10,0.6633550191752828,0.6700865522448625
5.733e-10,0.6633550191752828,0.6700865522448625
5.734e-10,0.6633550191752828,0.6700865522448625
5.735e-10,0.6633550191752828,0.6700865522448625
5.736e-10,0.6633550191752828,0.6700865522448625
5.737e-10,0.6633550191752828,0.6700865522448625
5.738e-10,0.6633550191752828,0.6700865522448625
5.739e-10,0.6633550191752828,0.6700865522448625
5.74e-10,0.6633550191752828,0.6700865522448625
5.741e-10,0.6633550191752828,0.6700865522448625
5.742e-10,0.6633550191752828,0.6700865522448625
5.743e-10,0.6633550191752828,0.6700865522448625
5.744e-10,0.6633550191752828,0.6700865522448625
5.745e-10,0.6633550191752828,0.6700865522448625
5.746e-10,0.6633550191752828,0.6700865522448625
5.747e-10,0.6633550191752828,0.6700865522448625
5.748e-10,0.6633550191752828,0.6700865522448625
5.749e-10,0.6633550191752828,0.6700865522448625
5.75e-10,0.6633550191752828,0.6700865522448625
5.751e-10,0.6633550191752828,0.6700865522448625
5.752e-10,0.6633550191752828,0.6700865522448625
5.753e-10,0.6633550191752828,0.6700865522448625
5.754e-10,0.6633550191752828,0.6700865522448625
5.755e-10,0.6633550191752828,0.6700865522448625
5.756e-10,0.6633550191752828,0.6700865522448625
5.757e-10,0.6633550191752828,0.6700865522448625
5.758e-10,0.6633550191752828,0.6700865522448625
5.759e-10,0.6633550191752828,0.6700865522448625
5.76e-10,0.6633550191752828,0.6700865522448625
5.761e-10,0.6633550191752828,0.6700865522448625
5.762e-10,0.6633550191752828,0.6700865522448625
5.763e-10,0.6633550191752828,0.6700865522448625
5.764e-10,0.6633550191752828,0.6700865522448625
5.765e-10,0.6633550191752828,0.6700865522448625
5.766e-10,0.6633550191752828,0.6700865522448625
5.767e-10,0.6633550191752828,0.6700865522448625
5.768e-10,0.6633550191752828,0.6700865522448625
5.769e-10,0.6633550191752828,0.6700865522448625
5.77e-10,0.6633550191752828,0.6700865522448625
5.771e-10,0.6633550191752828,0.6700865522448625
5.772e-10,0.6633550191752828,0.6700865522448625
5.773e-10,0.6633550191752828,0.6700865522448625
5.774e-10,0.6633550191752828,0.6700865522448625
5.775e-10,0.6633550191752828,0.6700865522448625
5.776e-10,0.6633550191752828,0.6700865522448625
5.777e-10,0.6633550191752828,0.6700865522448625
5.778e-10,0.6633550191752828,0.6700865522448625
5.779e-10,0.6633550191752828,0.6700865522448625
5.78e-10,0.6633550191752828,0.6700865522448625
5.781e-10,0.6633550191752828,0.6700865522448625
5.782e-10,0.6633550191752828,0.6700865522448625
5.783e-10,0.6633550191752828,0.6700865522448625
5.784e-10,0.6633550191752828,0.6700865522448625
5.785e-10,0.6633550191752828,0.6700865522448625
5.786e-10,0.6633550191752828,0.6700865522448625
5.787e-10,0.6633550191752828,0.6700865522448625
5.788e-10,0.6633550191752828,0.6700865522448625
5.789e-10,0.6633550191752828,0.6700865522448625
5.79e-10,0.6633550191752828,0.6700865522448625
5.791e-10,0.6633550191752828,0.6700865522448625
5.792e-10,0.6633550191752828,0.6700865522448625
5.793e-10,0.6633550191752828,0.6700865522448625
5.794e-10,0.6633550191752828,0.6700865522448625
5.795e-10,0.6633550191752828,0.6700865522448625
5.796e-10,0.6633550191752828,0.6700865522448625
5.797e-10,0.6633550191752828,0.6700865522448625
5.798e-10,0.6633550191752828,0.6700865522448625
5.799e-10,0.6633550191752828,0.6700865522448625
5.8e-10,0.6633550191752828,0.6700865522448625
5.801e-10,0.6633550191752828,0.6700865522448625
5.802e-10,0.6633550191752828,0.6700865522448625
5.803e-10,0.6633550191752828,0.6700865522448625
5.804e-10,0.6633550191752828,0.6700865522448625
5.805e-10,0.6633550191752828,0.6700865522448625
5.806e-10,0.6633550191752828,0.6700865522448625
5.807e-10,0.6633550191752828,0.6700865522448625
5.808e-10,0.6633550191752828,0.6700865522448625
5.809e-10,0.6633550191752828,0.6700865522448625
5.81e-10,0.6633550191752828,0.6700865522448625
5.811e-10,0.6633550191752828,0.6700865522448625
5.812e-10,0.6633550191752828,0.6700865522448625
5.813e-10,0.6633550191752828,0.6700865522448625
5.814e-10,0.6633550191752828,0.6700865522448625
5.815e-10,0.6633550191752828,0.6700865522448625
5.816e-10,0.6633550191752828,0.6700865522448625
5.817e-10,0.6633550191752828,0.6700865522448625
5.818e-10,0.6633550191752828,0.6700865522448625
5.819e-10,0.6633550191752828,0.6700865522448625
5.82e-10,0.6633550191752828,0.6700865522448625
5.821e-10,0.6633550191752828,0.6700865522448625
5.822e-10,0.6633550191752828,0.6700865522448625
5.823e-10,0.6633550191752828,0.6700865522448625
5.824e-10,0.6633550191752828,0.6700865522448625
5.825e-10,0.6633550191752828,0.6700865522448625
5.826e-10,0.6633550191752828,0.6700865522448625
5.827e-10,0.6633550191752828,0.6700865522448625
5.828e-10,0.6633550191752828,0.6700865522448625
5.829e-10,0.6633550191752828,0.6700865522448625
5.83e-10,0.6633550191752828,0.6700865522448625
5.831e-10,0.6633550191752828,0.6700865522448625
5.832e-10,0.6633550191752828,0.6700865522448625
5.833e-10,0.6633550191752828,0.6700865522448625
5.834e-10,0.6633550191752828,0.6700865522448625
5.835e-10,0.6633550191752828,0.6700865522448625
5.836e-10,0.6633550191752828,0.6700865522448625
5.837e-10,0.6633550191752828,0.6700865522448625
5.838e-10,0.6633550191752828,0.6700865522448625
5.839e-10,0.6633550191752828,0.6700865522448625
5.84e-10,0.6633550191752828,0.6700865522448625
5.841e-10,0.6633550191752828,0.6700865522448625
5.842e-10,0.6633550191752828,0.6700865522448625
5.843e-10,0.6633550191752828,0.6700865522448625
5.844e-10,0.6633550191752828,0.6700865522448625
5.845e-10,0.6633550191752828,0.6700865522448625
5.846e-10,0.6633550191752828,0.6700865522448625
5.847e-10,0.6633550191752828,0.6700865522448625
5.848e-10,0.6633550191752828,0.6700865522448625
5.849e-10,0.6633550191752828,0.6700865522448625
5.85e-10,0.6633550191752828,0.6700865522448625
5.851e-10,0.6633550191752828,0.6700865522448625
5.852e-10,0.6633550191752828,0.6700865522448625
5.853e-10,0.6633550191752828,0.6700865522448625
5.854e-10,0.6633550191752828,0.6700865522448625
5.855e-10,0.6633550191752828,0.6700865522448625
5.856e-10,0.6633550191752828,0.6700865522448625
5.857e-10,0.6633550191752828,0.6700865522448625
5.858e-10,0.6633550191752828,0.6700865522448625
5.859e-10,0.6633550191752828,0.6700865522448625
5.86e-10,0.6633550191752828,0.6700865522448625
5.861e-10,0.6633550191752828,0.6700865522448625
5.862e-10,0.6633550191752828,0.6700865522448625
5.863e-10,0.6633550191752828,0.6700865522448625
5.864e-10,0.6633550191752828,0.6700865522448625
5.865e-10,0.6633550191752828,0.6700865522448625
5.866e-10,0.6633550191752828,0.6700865522448625
5.867e-10,0.6633550191752828,0.6700865522448625
5.868e-10,0.6633550191752828,0.6700865522448625
5.869e-10,0.6633550191752828,0.6700865522448625
5.87e-10,0.6633550191752828,0.6700865522448625
5.871e-10,0.6633550191752828,0.6700865522448625
5.872e-10,0.6633550191752828,0.6700865522448625
5.873e-10,0.6633550191752828,0.6700865522448625
5.874e-10,0.6633550191752828,0.6700865522448625
5.875e-10,0.6633550191752828,0.6700865522448625
5.876e-10,0.6633550191752828,0.6700865522448625
5.877e-10,0.6633550191752828,0.6700865522448625
5.878e-10,0.6633550191752828,0.6700865522448625
5.879e-10,0.6633550191752828,0.6700865522448625
5.88e-10,0.6633550191752828,0.6700865522448625
5.881e-10,0.6633550191752828,0.6700865522448625
5.882e-10,0.6633550191752828,0.6700865522448625
5.883e-10,0.6633550191752828,0.6700865522448625
5.884e-10,0.6633550191752828,0.6700865522448625
5.885e-10,0.6633550191752828,0.6700865522448625
5.886e-10,0.6633550191752828,0.6700865522448625
5.887e-10,0.6633550191752828,0.6700865522448625
5.888e-10,0.6633550191752828,0.6700865522448625
5.889e-10,0.6633550191752828,0.6700865522448625
5.89e-10,0.6633550191752828,0.6700865522448625
5.891e-10,0.6633550191752828,0.6700865522448625
5.892e-10,0.6633550191752828,0.6700865522448625
5.893e-10,0.6633550191752828,0.6700865522448625
5.894e-10,0.6633550191752828,0.6700865522448625
5.895e-10,0.6633550191752828,0.6700865522448625
5.896e-10,0.6633550191752828,0.6700865522448625
5.897e-10,0.6633550191752828,0.6700865522448625
5.898e-10,0.6633550191752828,0.6700865522448625
5.899e-10,0.6633550191752828,0.6700865522448625
5.9e-10,0.6633550191752828,0.6700865522448625
5.901e-10,0.6633550191752828,0.6700865522448625
5.902e-10,0.6633550191752828,0.6700865522448625
5.903e-10,0.6633550191752828,0.6700865522448625
5.904e-10,0.6633550191752828,0.6700865522448625
5.905e-10,0.6633550191752828,0.6700865522448625
5.906e-10,0.6633550191752828,0.6700865522448625
5.907e-10,0.6633550191752828,0.6700865522448625
5.908e-10,0.6633550191752828,0.6700865522448625
5.909e-10,0.6633550191752828,0.6700865522448625
5.91e-10,0.6633550191752828,0.6700865522448625
5.911e-10,0.6633550191752828,0.6700865522448625
5.912e-10,0.6633550191752828,0.6700865522448625
5.913e-10,0.6633550191752828,0.6700865522448625
5.914e-10,0.6633550191752828,0.6700865522448625
5.915e-10,0.6633550191752828,0.6700865522448625
5.916e-10,0.6633550191752828,0.6700865522448625
5.917e-10,0.6633550191752828,0.6700865522448625
5.918e-10,0.6633550191752828,0.6700865522448625
5.919e-10,0.6633550191752828,0.6700865522448625
5.92e-10,0.6633550191752828,0.6700865522448625
5.921e-10,0.6633550191752828,0.6700865522448625
5.922e-10,0.6633550191752828,0.6700865522448625
5.923e-10,0.6633550191752828,0.6700865522448625
5.924e-10,0.6633550191752828,0.6700865522448625
5.925e-10,0.6633550191752828,0.6700865522448625
5.926e-10,0.6633550191752828,0.6700865522448625
5.927e-10,0.6633550191752828,0.6700865522448625
5.928e-10,0.6633550191752828,0.6700865522448625
5.929e-10,0.6633550191752828,0.6700865522448625
5.93e-10,0.6633550191752828,0.6700865522448625
5.931e-10,0.6633550191752828,0.6700865522448625
5.932e-10,0.6633550191752828,0.6700865522448625
5.933e-10,0.6633550191752828,0.6700865522448625
5.934e-10,0.6633550191752828,0.6700865522448625
5.935e-10,0.6633550191752828,0.6700865522448625
5.936e-10,0.6633550191752828,0.6700865522448625
5.937e-10,0.6633550191752828,0.6700865522448625
5.938e-10,0.6633550191752828,0.6700865522448625
5.939e-10,0.6633550191752828,0.6700865522448625
5.94e-10,0.6633550191752828,0.6700865522448625
5.941e-10,0.6633550191752828,0.6700865522448625
5.942e-10,0.6633550191752828,0.6700865522448625
5.943e-10,0.6633550191752828,0.6700865522448625
5.944e-10,0.6633550191752828,0.6700865522448625
5.945e-10,0.6633550191752828,0.6700865522448625
5.946e-10,0.6633550191752828,0.6700865522448625
5.947e-10,0.6633550191752828,0.6700865522448625
5.948e-10,0.6633550191752828,0.6700865522448625
5.949e-10,0.6633550191752828,0.6700865522448625
5.95e-10,0.6633550191752828,0.6700865522448625
5.951e-10,0.6633550191752828,0.6700865522448625
5.952e-10,0.6633550191752828,0.6700865522448625
5.953e-10,0.6633550191752828,0.6700865522448625
5.954e-10,0.6633550191752828,0.6700865522448625
5.955e-10,0.6633550191752828,0.6700865522448625
5.956e-10,0.6633550191752828,0.6700865522448625
5.957e-10,0.6633550191752828,0.6700865522448625
5.958e-10,0.6633550191752828,0.6700865522448625
5.959e-10,0.6633550191752828,0.6700865522448625
5.96e-10,0.6633550191752828,0.6700865522448625
5.961e-10,0.6633550191752828,0.6700865522448625
5.962e-10,0.6633550191752828,0.6700865522448625
5.963e-10,0.6633550191752828,0.6700865522448625
5.964e-10,0.6633550191752828,0.6700865522448625
5.965e-10,0.6633550191752828,0.6700865522448625
5.966e-10,0.6633550191752828,0.6700865522448625
5.967e-10,0.6633550191752828,0.6700865522448625
5.968e-10,0.6633550191752828,0.6700865522448625
5.969e-10,0.6633550191752828,0.6700865522448625
5.97e-10,0.6633550191752828,0.6700865522448625
5.971e-10,0.6633550191752828,0.6700865522448625
5.972e-10,0.6633550191752828,0.6700865522448625
5.973e-10,0.6633550191752828,0.6700865522448625
5.974e-10,0.6633550191752828,0.6700865522448625
5.975e-10,0.6633550191752828,0.6700865522448625
5.976e-10,0.6633550191752828,0.6700865522448625
5.977e-10,0.6633550191752828,0.6700865522448625
5.978e-10,0.6633550191752828,0.6700865522448625
5.979e-10,0.6633550191752828,0.6700865522448625
5.98e-10,0.6633550191752828,0.6700865522448625
5.981e-10,0.6633550191752828,0.6700865522448625
5.982e-10,0.6633550191752828,0.6700865522448625
5.983e-10,0.6633550191752828,0.6700865522448625
5.984e-10,0.6633550191752828,0.6700865522448625
5.985e-10,0.6633550191752828,0.6700865522448625
5.986e-10,0.6633550191752828,0.6700865522448625
5.987e-10,0.6633550191752828,0.6700865522448625
5.988e-10,0.6633550191752828,0.6700865522448625
5.989e-10,0.6633550191752828,0.6700865522448625
5.99e-10,0.6633550191752828,0.6700865522448625
5.991e-10,0.6633550191752828,0.6700865522448625
5.992e-10,0.6633550191752828,0.6700865522448625
5.993e-10,0.6633550191752828,0.6700865522448625
5.994e-10,0.6633550191752828,0.6700865522448625
5.995e-10,0.6633550191752828,0.6700865522448625
5.996e-10,0.6633550191752828,0.6700865522448625
5.997e-10,0.6633550191752828,0.6700865522448625
5.998e-10,0.6633550191752828,0.6700865522448625
5.999e-10,0.6633550191752828,0.6700865522448625
6e-10,0.6633550191752828,0.6700865522448625
6.001e-10,0.6633550191752828,0.6700865522448625
6.002e-10,0.6633550191752828,0.6700865522448625
6.003e-10,0.6633550191752828,0.6700865522448625
6.004e-10,0.6633550191752828,0.6700865522448625
6.005e-10,0.6633550191752828,0.6700865522448625
6.006e-10,0.6633550191752828,0.6700865522448625
6.007e-10,0.6633550191752828,0.6700865522448625
6.008e-10,0.6633550191752828,0.6700865522448625
6.009e-10,0.6633550191752828,0.6700865522448625
6.01e-10,0.6633550191752828,0.6700865522448625
6.011e-10,0.6633550191752828,0.6700661201563802
6.012e-10,0.6633550191752828,0.6700450260024504
6.013e-10,0.6633550191752828,0.6700233678005467
6.014e-10,0.6633550191752828,0.6700012383617313
6.015e-10,0.6633550191752828,0.6699787410990621
6.016e-10,0.6633550191752828,0.6699559537582459
6.017e-10,0.6633550191752828,0.6699329472068389
6.018e-10,0.6633550191752828,0.6699097859781775
6.019e-10,0.6633550191752828,0.6698865287726288
6.02e-10,0.6633550191752828,0.6698632289193654
6.021e-10,0.6633550191752828,0.6698399348018793
6.022e-10,0.6633550191752828,0.6698166902501717
6.023e-10,0.6633550191752828,0.6697935349023177
6.024e-10,0.6633550191752828,0.6697705045378725
6.025e-10,0.6633550191752828,0.6697476313853777
6.026e-10,0.6633550191752828,0.6697249444060462
6.027e-10,0.6633550191752828,0.6697024695555198
6.028e-10,0.6633550191752828,0.6696802300254444
6.029e-10,0.6633550191752828,0.6696581935117544
6.03e-10,0.6633550191752828,0.6696363728581202
6.031e-10,0.6633550191752828,0.669614787928563
6.032e-10,0.6633550191752828,0.6695934563565253
6.033e-10,0.6633550191752828,0.6695723937241609
6.034e-10,0.6633550191752828,0.6695516137279437
6.035e-10,0.6633550191752828,0.6695311283317309
6.036e-10,0.6633550191752828,0.6695109479082476
6.037e-10,0.6633550191752828,0.6694910813698848
6.038e-10,0.6633550191752828,0.6694715362896291
6.039e-10,0.6633550191752828,0.6694523190128789
6.04e-10,0.6633550191752828,0.6694334347608392
6.041e-10,0.6633550191752828,0.6694148877261339
6.042e-10,0.6633550191752828,0.6693966811612253
6.043e-10,0.6633550191752828,0.669378855214895
6.044e-10,0.6633550191752828,0.6693614374041632
6.045e-10,0.6633550191752828,0.6693444243691676
6.046e-10,0.6633550191752828,0.6693278123799361
6.047e-10,0.6633550191752828,0.6693115973801572
6.048e-10,0.6633550191752828,0.6692957750275379
6.049e-10,0.6633550191752828,0.6692803407308788
6.05e-10,0.6633550191752828,0.6692652896841258
6.051e-10,0.6633550191752828,0.6692506168976338
6.052e-10,0.6633550191752828,0.6692363172268629
6.053e-10,0.6633550191752828,0.6692223853987075
6.054e-10,0.6633550191752828,0.669208816035643
6.055e-10,0.6633550191752828,0.6691956036778628
6.056e-10,0.6633550191752828,0.6691827428035624
6.057e-10,0.6633550191752828,0.6691702097094923
6.058e-10,0.6633550191752828,0.6691579542142212
6.059e-10,0.6633550191752828,0.669145972757426
6.06e-10,0.6633550191752828,0.6691342616253795
6.061e-10,0.6633550191752828,0.6691342616253795
6.062e-10,0.6633550191752828,0.6691227390915772
6.063e-10,0.6633550191752828,0.6691227390915772
6.064e-10,0.6633550191752828,0.6691114145916347
6.065e-10,0.6633550191752828,0.6691114145916347
6.066e-10,0.6633550191752828,0.6691002957716984
6.067e-10,0.6633550191752828,0.6691002957716984
6.068e-10,0.6633550191752828,0.6690893887655999
6.069e-10,0.6633550191752828,0.6690893887655999
6.07e-10,0.6633550191752828,0.6690786984198831
6.071e-10,0.6633550191752828,0.6690786984198831
6.072e-10,0.6633550191752828,0.6690683015019899
6.073e-10,0.6633550191752828,0.6690683015019899
6.074e-10,0.6633550191752828,0.669058252366877
6.075e-10,0.6633550191752828,0.669058252366877
6.076e-10,0.6633550191752828,0.6690485255438444
6.077e-10,0.6633550191752828,0.6690485255438444
6.078e-10,0.6633550191752828,0.6690390978828942
6.079e-10,0.6633550191752828,0.6690390978828942
6.08e-10,0.6633550191752828,0.6690299484059833
6.081e-10,0.6633550191752828,0.6690299484059833
6.082e-10,0.6633550191752828,0.6690210581742019
6.083e-10,0.6633550191752828,0.6690210581742019
6.084e-10,0.6633550191752828,0.6690124101682889
6.085e-10,0.6633550191752828,0.6690124101682889
6.086e-10,0.6633550191752828,0.6690039196355643
6.087e-10,0.6633550191752828,0.6690039196355643
6.088e-10,0.6633550191752828,0.6689954268610065
6.089e-10,0.6633550191752828,0.6689954268610065
6.09e-10,0.6633550191752828,0.6689868899260694
6.091e-10,0.6633550191752828,0.6689868899260694
6.092e-10,0.6633550191752828,0.668978271228955
6.093e-10,0.6633550191752828,0.668978271228955
6.094e-10,0.6633550191752828,0.668969537326655
6.095e-10,0.6633550191752828,0.668969537326655
6.096e-10,0.6633550191752828,0.668960658756199
6.097e-10,0.6633550191752828,0.668960658756199
6.098e-10,0.6633550191752828,0.668960658756199
6.099e-10,0.6633550191752828,0.668951193739852
6.1e-10,0.6633550191752828,0.668951193739852
6.101e-10,0.6633550191752828,0.668951193739852
6.102e-10,0.6633550191752828,0.6689370622329371
6.103e-10,0.6633550191752828,0.6689214966401724
6.104e-10,0.6633550191752828,0.6689044313302708
6.105e-10,0.6633550191752828,0.6688858125393697
6.106e-10,0.6633550191752828,0.6688655977196926
6.107e-10,0.6633550191752828,0.668843754886888
6.108e-10,0.6633550191752828,0.6688202619700595
6.109e-10,0.6633550191752828,0.6687951061648966
6.11e-10,0.6633550191752828,0.6687682832907101
6.111e-10,0.6633550191752828,0.668739797152503
6.112e-10,0.6633550191752828,0.6687096589094665
6.113e-10,0.6633550191752828,0.6686778864514967
6.114e-10,0.6633550191752828,0.6686444841291475
6.115e-10,0.6633550191752828,0.6686093590286607
6.116e-10,0.6633550191752828,0.6685724767268005
6.117e-10,0.6633550191752828,0.6685338170574542
6.118e-10,0.6633550191752828,0.6684920450177572
6.119e-10,0.6633550191752828,0.6684438677194886
6.12e-10,0.6633550191752828,0.6683898549274966
6.121e-10,0.6633550191752828,0.6683305148115503
6.122e-10,0.6633550191752828,0.6682663021483789
6.123e-10,0.6633550191752828,0.6681976254054051
6.124e-10,0.6633550191752828,0.6681248527921315
6.125e-10,0.6633550191752828,0.6680483174532602
6.126e-10,0.6633550191752828,0.6679683556433065
6.127e-10,0.6633550191752828,0.6678854509412782
6.128e-10,0.6633550191752828,0.6677999035167738
6.129e-10,0.6633550191752828,0.667712088910157
6.13e-10,0.6633550191752828,0.6676220969402894
6.131e-10,0.6633550191752828,0.6675299906377239
6.132e-10,0.6633550191752828,0.6674358565097949
6.133e-10,0.6633550191752828,0.6673398007664944
6.134e-10,0.6633550191752828,0.6672419460776751
6.135e-10,0.6633550191752828,0.6671398439695173
6.136e-10,0.6633550191752828,0.6670308051113365
6.137e-10,0.6633550191752828,0.6669156957005642
6.138e-10,0.6633550191752828,0.666795268945891
6.139e-10,0.6633550191752828,0.6666701820064913
6.14e-10,0.6633550191752828,0.6665410108473745
6.141e-10,0.6633550191752828,0.6664082630361273
6.142e-10,0.6633550191752828,0.6662723886953321
6.143e-10,0.6633550191752828,0.666133732338747
6.144e-10,0.6633550191752828,0.6659901947677459
6.145e-10,0.6633550191752828,0.6658418539599199
6.146e-10,0.6633550191752828,0.6656888368016456
6.147e-10,0.6633550191752828,0.6655312724074818
6.148e-10,0.6633550191752828,0.6653692922350544
6.149e-10,0.6633550191752828,0.6652030303078487
6.15e-10,0.6633550191752828,0.6650326235341303
6.151e-10,0.6633550191752828,0.6648582121056208
6.152e-10,0.6633550191752828,0.6646773534799105
6.153e-10,0.6633550191752828,0.6644877165095588
6.154e-10,0.6633550191752828,0.6642926820831925
6.155e-10,0.6633550191752828,0.6640936728512834
6.156e-10,0.6633550191752828,0.6638915905381789
6.157e-10,0.6633550191752828,0.6636872071716209
6.158e-10,0.6633550191752828,0.6634811694679963
6.159e-10,0.6633550191752828,0.6632738252591652
6.16e-10,0.6633550191752828,0.6630654948816546
6.161e-10,0.6633550191752828,0.6628559332740711
6.162e-10,0.6633550191752828,0.6626414253741806
6.163e-10,0.6633550191752828,0.6624219776240917
6.164e-10,0.6633550191752828,0.6621978558423077
6.165e-10,0.6633550191752828,0.6619693097320954
6.166e-10,0.6633550191752828,0.6617365798749586
6.167e-10,0.6633550191752828,0.6614999028195645
6.168e-10,0.6633550191752828,0.6612626375296122
6.169e-10,0.6633550191752828,0.6610273107857079
6.17e-10,0.6633550191752828,0.6607912143458565
6.171e-10,0.6633550191752828,0.6605554762848256
6.172e-10,0.6633550191752828,0.6603208969525246
6.173e-10,0.6633550191752828,0.660088377520326
6.174e-10,0.6633550191752828,0.6598542128947007
6.175e-10,0.6633550191752828,0.6596165883066002
6.176e-10,0.6633550191752828,0.6593764324536004
6.177e-10,0.6633550191752828,0.6591342522872293
6.178e-10,0.6633550191752828,0.6588905004385056
6.179e-10,0.6633550191752828,0.6586471551023473
6.18e-10,0.6633550191752828,0.6584127901097399
6.181e-10,0.6633550191752828,0.6581873014736873
6.182e-10,0.6633550191752828,0.6579706736152194
6.183e-10,0.6633550191752828,0.6577629657297266
6.184e-10,0.6633550191752828,0.6575642891034195
6.185e-10,0.6633550191752828,0.6573743810051684
6.186e-10,0.6633550191752828,0.6571957000780648
6.187e-10,0.6633550191752828,0.6570276967243096
6.188e-10,0.6633550191752828,0.6568676114187377
6.189e-10,0.6633550191752828,0.6567167021437497
6.19e-10,0.6633550191752828,0.656578657732036
6.191e-10,0.6633550191752828,0.6564536623013761
6.192e-10,0.6633550191752828,0.6563415095904532
6.193e-10,0.6633550191752828,0.6562426178070577
6.194e-10,0.6633550191752828,0.6561574083688264
6.195e-10,0.6633550191752828,0.656090474441068
6.196e-10,0.6633550191752828,0.6560547392377492
6.197e-10,0.6633550191752828,0.656046657192282
6.198e-10,0.6633550191752828,0.656062647990498
6.199e-10,0.6633550191752828,0.6560999126765639
6.2e-10,0.6633550191752828,0.6561561570331907
6.201e-10,0.6633550191752828,0.6562310962636214
6.202e-10,0.6633550191752828,0.6563299005630171
6.203e-10,0.6633550191752828,0.6564484762358211
6.204e-10,0.6633550191752828,0.6565845940435606
6.205e-10,0.6633550191752828,0.6567364044686169
6.206e-10,0.6633550191752828,0.6568955341714887
6.207e-10,0.6633550191752828,0.6570611139944722
6.208e-10,0.6633550191752828,0.6572343383035996
6.209e-10,0.6633550191752828,0.6574226243989529
6.21e-10,0.6633550191752828,0.6576267596070834
6.211e-10,0.6633550191752828,0.6578279023361555
6.212e-10,0.6634508705672363,0.658041630177913
6.213e-10,0.6634508705672363,0.6582666857994728
6.214e-10,0.6635451713500796,0.6585009271649103
6.215e-10,0.6635451713500796,0.6587424627340054
6.216e-10,0.6636378311876489,0.65898960328043
6.217e-10,0.6636378311876489,0.6592408331323578
6.218e-10,0.6636378311876489,0.6594943439039712
6.219e-10,0.6637288205065676,0.6597538062444089
6.22e-10,0.6637288205065676,0.6600200797213739
6.221e-10,0.6637288205065676,0.6602895109687529
6.222e-10,0.6637288205065676,0.6605601157945694
6.223e-10,0.6638181262301334,0.6608306860129219
6.224e-10,0.6638181262301334,0.6610996287599702
6.225e-10,0.6638181262301334,0.6613664435074578
6.226e-10,0.6638181262301334,0.6616300109554754
6.227e-10,0.6639057416890298,0.6618901119890763
6.228e-10,0.6639057416890298,0.6621458741697006
6.229e-10,0.6639057416890298,0.662397228671479
6.23e-10,0.6639057416890298,0.6626434698600858
6.231e-10,0.663991656335345,0.6628846315958714
6.232e-10,0.663991656335345,0.6631201390521562
6.233e-10,0.663991656335345,0.6633501043098069
6.234e-10,0.663991656335345,0.6635740606727216
6.235e-10,0.663991656335345,0.6637921815676939
6.236e-10,0.663991656335345,0.6640040907199504
6.237e-10,0.6640760592208175,0.6642100052806221
6.238e-10,0.6640760592208175,0.6644096188727118
6.239e-10,0.6640760592208175,0.6646029405812569
6.24e-10,0.6640760592208175,0.6647904934859066
6.241e-10,0.6640760592208175,0.664972042267187
6.242e-10,0.6640760592208175,0.6651474750692198
6.243e-10,0.6640760592208175,0.6653170212361192
6.244e-10,0.6640760592208175,0.6654804882453136
6.245e-10,0.6640760592208175,0.6656379674193414
6.246e-10,0.6641588956945232,0.6657897918158663
6.247e-10,0.6641588956945232,0.6659358542418334
6.248e-10,0.6641588956945232,0.6660762908389457
6.249e-10,0.6641588956945232,0.6662112164749563
6.25e-10,0.6641588956945232,0.6663405211576715
6.251e-10,0.6641588956945232,0.6664644685907924
6.252e-10,0.6641588956945232,0.6665834910845707
6.253e-10,0.6641588956945232,0.6666975640490422
6.254e-10,0.6641588956945232,0.6668068636404967
6.255e-10,0.6642401451204571,0.666911756142437
6.256e-10,0.6642401451204571,0.6670121953569459
6.257e-10,0.6642401451204571,0.6671083411562061
6.258e-10,0.6642401451204571,0.6672003497637579
6.259e-10,0.6642401451204571,0.6672885639366193
6.26e-10,0.6642401451204571,0.6673729316496047
6.261e-10,0.6642401451204571,0.6674535991945192
6.262e-10,0.6642401451204571,0.6675307091680782
6.263e-10,0.6642401451204571,0.6676045759068756
6.264e-10,0.6642401451204571,0.6676751485446036
6.265e-10,0.6642401451204571,0.6677425587788373
6.266e-10,0.6642401451204571,0.6678069249752075
6.267e-10,0.6642401451204571,0.6678683694330037
6.268e-10,0.6642401451204571,0.6679271701560474
6.269e-10,0.6642401451204571,0.6679832801611351
6.27e-10,0.6642401451204571,0.6680368134915343
6.271e-10,0.6642401451204571,0.6680878800409001
6.272e-10,0.6642401451204571,0.6681365856832487
6.273e-10,0.664319897404989,0.6681831702320787
6.274e-10,0.664319897404989,0.6682275858924848
6.275e-10,0.664319897404989,0.6682699275745649
6.276e-10,0.664319897404989,0.6683102865429025
6.277e-10,0.664319897404989,0.6683102865429025
6.278e-10,0.664319897404989,0.668349298510573
6.279e-10,0.664319897404989,0.668349298510573
6.28e-10,0.664319897404989,0.668349298510573
6.281e-10,0.664319897404989,0.668349298510573
6.282e-10,0.664319897404989,0.668349298510573
6.283e-10,0.664319897404989,0.668349298510573
6.284e-10,0.664319897404989,0.668349298510573
6.285e-10,0.664319897404989,0.668349298510573
6.286e-10,0.664319897404989,0.668349298510573
6.287e-10,0.664319897404989,0.668349298510573
6.288e-10,0.664319897404989,0.668349298510573
6.289e-10,0.664319897404989,0.668349298510573
6.29e-10,0.664319897404989,0.668349298510573
6.291e-10,0.664319897404989,0.6683872674951506
6.292e-10,0.664319897404989,0.6683872674951506
6.293e-10,0.664319897404989,0.6683872674951506
6.294e-10,0.664319897404989,0.6683872674951506
6.295e-10,0.664319897404989,0.6683872674951506
6.296e-10,0.664319897404989,0.6683872674951506
6.297e-10,0.664319897404989,0.6683872674951506
6.298e-10,0.664319897404989,0.6683872674951506
6.299e-10,0.664319897404989,0.6683872674951506
6.3e-10,0.664319897404989,0.6683872674951506
6.301e-10,0.664319897404989,0.6683872674951506
6.302e-10,0.664319897404989,0.6683872674951506
6.303e-10,0.664319897404989,0.6683872674951506
6.304e-10,0.664319897404989,0.6683872674951506
6.305e-10,0.664319897404989,0.6683872674951506
6.306e-10,0.664319897404989,0.6683872674951506
6.307e-10,0.664319897404989,0.6683872674951506
6.308e-10,0.664319897404989,0.6683872674951506
6.309e-10,0.664319897404989,0.6683872674951506
6.31e-10,0.664319897404989,0.6683872674951506
6.311e-10,0.664319897404989,0.6683872674951506
6.312e-10,0.6643981979533152,0.6684239533037412
6.313e-10,0.6643981979533152,0.6684239533037412
6.314e-10,0.6643981979533152,0.6684239533037412
6.315e-10,0.6643981979533152,0.6684239533037412
6.316e-10,0.6643981979533152,0.6684239533037412
6.317e-10,0.6643981979533152,0.6684239533037412
6.318e-10,0.6643981979533152,0.6684239533037412
6.319e-10,0.6643981979533152,0.6684239533037412
6.32e-10,0.6643981979533152,0.6684239533037412
6.321e-10,0.6643981979533152,0.6684239533037412
6.322e-10,0.6643981979533152,0.6684239533037412
6.323e-10,0.6643981979533152,0.6684239533037412
6.324e-10,0.6643981979533152,0.6684239533037412
6.325e-10,0.6643981979533152,0.6684239533037412
6.326e-10,0.6643981979533152,0.6684239533037412
6.327e-10,0.6643981979533152,0.6684239533037412
6.328e-10,0.6643981979533152,0.6684239533037412
6.329e-10,0.6643981979533152,0.6684239533037412
6.33e-10,0.6643981979533152,0.6684239533037412
6.331e-10,0.6643981979533152,0.6684239533037412
6.332e-10,0.6643981979533152,0.6684239533037412
6.333e-10,0.6643981979533152,0.6684239533037412
6.334e-10,0.6643981979533152,0.6684239533037412
6.335e-10,0.6643981979533152,0.6684239533037412
6.336e-10,0.6643981979533152,0.6684239533037412
6.337e-10,0.6643981979533152,0.6684239533037412
6.338e-10,0.6643981979533152,0.6684239533037412
6.339e-10,0.6643981979533152,0.6684239533037412
6.34e-10,0.6643981979533152,0.6684239533037412
6.341e-10,0.6643981979533152,0.6684239533037412
6.342e-10,0.6643981979533152,0.6684239533037412
6.343e-10,0.6643981979533152,0.6684239533037412
6.344e-10,0.6643981979533152,0.6684239533037412
6.345e-10,0.6643981979533152,0.6684239533037412
6.346e-10,0.6643981979533152,0.6684239533037412
6.347e-10,0.6643981979533152,0.6684239533037412
6.348e-10,0.6643981979533152,0.6684239533037412
6.349e-10,0.6643981979533152,0.6684239533037412
6.35e-10,0.6643981979533152,0.6684239533037412
6.351e-10,0.6643981979533152,0.6684239533037412
6.352e-10,0.6643981979533152,0.6684239533037412
6.353e-10,0.6643981979533152,0.6684597027401421
6.354e-10,0.6643981979533152,0.6684597027401421
6.355e-10,0.6643981979533152,0.6684597027401421
6.356e-10,0.6643981979533152,0.6684597027401421
6.357e-10,0.6643981979533152,0.6684597027401421
6.358e-10,0.6643981979533152,0.6684597027401421
6.359e-10,0.6643981979533152,0.6684597027401421
6.36e-10,0.6643981979533152,0.6684597027401421
6.361e-10,0.6643981979533152,0.6684597027401421
6.362e-10,0.6643981979533152,0.6684597027401421
6.363e-10,0.6643981979533152,0.668494005391345
6.364e-10,0.6643981979533152,0.668494005391345
6.365e-10,0.6643981979533152,0.668494005391345
6.366e-10,0.6643981979533152,0.668494005391345
6.367e-10,0.6643981979533152,0.668494005391345
6.368e-10,0.6643981979533152,0.668494005391345
6.369e-10,0.6643981979533152,0.668494005391345
6.37e-10,0.6643981979533152,0.668494005391345
6.371e-10,0.6643981979533152,0.668494005391345
6.372e-10,0.6643981979533152,0.668494005391345
6.373e-10,0.6643981979533152,0.668494005391345
6.374e-10,0.6643981979533152,0.668494005391345
6.375e-10,0.6644751121213491,0.6685272812762383
6.376e-10,0.6644751121213491,0.6685272812762383
6.377e-10,0.6644751121213491,0.6685272812762383
6.378e-10,0.6644751121213491,0.6685272812762383
6.379e-10,0.6644751121213491,0.6685272812762383
6.38e-10,0.6644751121213491,0.6685272812762383
6.381e-10,0.6644751121213491,0.6685272812762383
6.382e-10,0.6644751121213491,0.6685272812762383
6.383e-10,0.6644751121213491,0.6685272812762383
6.384e-10,0.6644751121213491,0.6685592557491363
6.385e-10,0.6644751121213491,0.6685592557491363
6.386e-10,0.6644751121213491,0.6685592557491363
6.387e-10,0.6644751121213491,0.6685592557491363
6.388e-10,0.6644751121213491,0.6685592557491363
6.389e-10,0.6644751121213491,0.6685592557491363
6.39e-10,0.6644751121213491,0.6685592557491363
6.391e-10,0.6644751121213491,0.6685592557491363
6.392e-10,0.6644751121213491,0.6685592557491363
6.393e-10,0.6644751121213491,0.6685592557491363
6.394e-10,0.6644751121213491,0.6685592557491363
6.395e-10,0.6644751121213491,0.6685592557491363
6.396e-10,0.6644751121213491,0.6685592557491363
6.397e-10,0.6644751121213491,0.6685592557491363
6.398e-10,0.6644751121213491,0.6685592557491363
6.399e-10,0.6644751121213491,0.6685592557491363
6.4e-10,0.6644751121213491,0.6685900976506352
6.401e-10,0.6644751121213491,0.6685900976506352
6.402e-10,0.6644751121213491,0.6685900976506352
6.403e-10,0.6644751121213491,0.6685900976506352
6.404e-10,0.6644751121213491,0.6685900976506352
6.405e-10,0.6644751121213491,0.6685900976506352
6.406e-10,0.6644751121213491,0.6685900976506352
6.407e-10,0.6644751121213491,0.6685900976506352
6.408e-10,0.6644751121213491,0.6685900976506352
6.409e-10,0.6644751121213491,0.6685900976506352
6.41e-10,0.6644751121213491,0.6685900976506352
6.411e-10,0.6644751121213491,0.6685900976506352
6.412e-10,0.6644751121213491,0.6685900976506352
6.413e-10,0.6644751121213491,0.6685900976506352
6.414e-10,0.6644751121213491,0.6685900976506352
6.415e-10,0.6644751121213491,0.6685900976506352
6.416e-10,0.6644751121213491,0.6685900976506352
6.417e-10,0.6644751121213491,0.6685900976506352
6.418e-10,0.6644751121213491,0.6685900976506352
6.419e-10,0.6644751121213491,0.6685900976506352
6.42e-10,0.6644751121213491,0.6685900976506352
6.421e-10,0.6644751121213491,0.6685900976506352
6.422e-10,0.6644751121213491,0.6685900976506352
6.423e-10,0.6644751121213491,0.6685900976506352
6.424e-10,0.6644751121213491,0.6685900976506352
6.425e-10,0.6644751121213491,0.6685900976506352
6.426e-10,0.6644751121213491,0.6685900976506352
6.427e-10,0.6644751121213491,0.6685900976506352
6.428e-10,0.6644751121213491,0.6685900976506352
6.429e-10,0.6644751121213491,0.6685900976506352
6.43e-10,0.6644751121213491,0.6685900976506352
6.431e-10,0.6644751121213491,0.6685900976506352
6.432e-10,0.6644751121213491,0.6685900976506352
6.433e-10,0.6644751121213491,0.6685900976506352
6.434e-10,0.6644751121213491,0.6685900976506352
6.435e-10,0.6644751121213491,0.6685900976506352
6.436e-10,0.6644751121213491,0.6685900976506352
6.437e-10,0.6644751121213491,0.6685900976506352
6.438e-10,0.6644751121213491,0.6685900976506352
6.439e-10,0.6644751121213491,0.6685900976506352
6.44e-10,0.6644751121213491,0.6685900976506352
6.441e-10,0.6644751121213491,0.6685900976506352
6.442e-10,0.6644751121213491,0.6685900976506352
6.443e-10,0.6644751121213491,0.6685900976506352
6.444e-10,0.6644751121213491,0.6685900976506352
6.445e-10,0.6644751121213491,0.6685900976506352
6.446e-10,0.6644751121213491,0.6685900976506352
6.447e-10,0.6644751121213491,0.6685900976506352
6.448e-10,0.6644751121213491,0.6685900976506352
6.449e-10,0.6644751121213491,0.6685900976506352
6.45e-10,0.6644751121213491,0.6685900976506352
6.451e-10,0.6644751121213491,0.6685900976506352
6.452e-10,0.6644751121213491,0.6685900976506352
6.453e-10,0.6644751121213491,0.6685900976506352
6.454e-10,0.6644751121213491,0.6685900976506352
6.455e-10,0.6644751121213491,0.6685900976506352
6.456e-10,0.6644751121213491,0.6685900976506352
6.457e-10,0.6644751121213491,0.6685900976506352
6.458e-10,0.6644751121213491,0.6685900976506352
6.459e-10,0.6644751121213491,0.6685900976506352
6.46e-10,0.6644751121213491,0.6685900976506352
6.461e-10,0.6644751121213491,0.6685900976506352
6.462e-10,0.6644751121213491,0.6685900976506352
6.463e-10,0.6644751121213491,0.6685900976506352
6.464e-10,0.6644751121213491,0.6685900976506352
6.465e-10,0.6644751121213491,0.6685900976506352
6.466e-10,0.6644751121213491,0.6685900976506352
6.467e-10,0.6644751121213491,0.6685900976506352
6.468e-10,0.6644751121213491,0.6685900976506352
6.469e-10,0.6644751121213491,0.6685900976506352
6.47e-10,0.6644751121213491,0.6685900976506352
6.471e-10,0.6644751121213491,0.6685900976506352
6.472e-10,0.6644751121213491,0.6685900976506352
6.473e-10,0.6644751121213491,0.6685900976506352
6.474e-10,0.6644751121213491,0.6685900976506352
6.475e-10,0.6644751121213491,0.6685900976506352
6.476e-10,0.6644751121213491,0.6685900976506352
6.477e-10,0.6644751121213491,0.6685900976506352
6.478e-10,0.6644751121213491,0.6685900976506352
6.479e-10,0.6644751121213491,0.6685900976506352
6.48e-10,0.6644751121213491,0.6685900976506352
6.481e-10,0.6644751121213491,0.6685900976506352
6.482e-10,0.6644751121213491,0.6685900976506352
6.483e-10,0.6644751121213491,0.6685900976506352
6.484e-10,0.6644751121213491,0.6685900976506352
6.485e-10,0.6644751121213491,0.6685900976506352
6.486e-10,0.6644751121213491,0.6685900976506352
6.487e-10,0.6644751121213491,0.6685900976506352
6.488e-10,0.6644751121213491,0.6685900976506352
6.489e-10,0.6644751121213491,0.6685900976506352
6.49e-10,0.6644751121213491,0.6685900976506352
6.491e-10,0.6644751121213491,0.6685900976506352
6.492e-10,0.6644751121213491,0.6685900976506352
6.493e-10,0.6644751121213491,0.6685900976506352
6.494e-10,0.6644751121213491,0.6685900976506352
6.495e-10,0.6644751121213491,0.6685900976506352
6.496e-10,0.6644751121213491,0.6685900976506352
6.497e-10,0.6644751121213491,0.6685900976506352
6.498e-10,0.6644751121213491,0.6685900976506352
6.499e-10,0.6644751121213491,0.6685900976506352
6.5e-10,0.6644751121213491,0.6685900976506352
6.501e-10,0.6644751121213491,0.6685900976506352
6.502e-10,0.6644751121213491,0.6685900976506352
6.503e-10,0.6644751121213491,0.6685900976506352
6.504e-10,0.6644751121213491,0.6685900976506352
6.505e-10,0.6644751121213491,0.6685900976506352
6.506e-10,0.6644751121213491,0.6685900976506352
6.507e-10,0.6644751121213491,0.6685900976506352
6.508e-10,0.6644751121213491,0.6685900976506352
6.509e-10,0.6644751121213491,0.6685900976506352
6.51e-10,0.6644751121213491,0.6685900976506352
6.511e-10,0.6644751121213491,0.6685900976506352
6.512e-10,0.6644751121213491,0.6685900976506352
6.513e-10,0.6644751121213491,0.6685900976506352
6.514e-10,0.6644751121213491,0.6685900976506352
6.515e-10,0.6644751121213491,0.6685900976506352
6.516e-10,0.6644751121213491,0.6685900976506352
6.517e-10,0.6644751121213491,0.6685900976506352
6.518e-10,0.6644751121213491,0.6685900976506352
6.519e-10,0.6644751121213491,0.6685900976506352
6.52e-10,0.6644751121213491,0.6685900976506352
6.521e-10,0.6644751121213491,0.6685900976506352
6.522e-10,0.6644751121213491,0.6685900976506352
6.523e-10,0.6644751121213491,0.6685900976506352
6.524e-10,0.6644751121213491,0.6685900976506352
6.525e-10,0.6644751121213491,0.6685900976506352
6.526e-10,0.6644751121213491,0.6685900976506352
6.527e-10,0.6644751121213491,0.6685900976506352
6.528e-10,0.6644751121213491,0.6685900976506352
6.529e-10,0.6644751121213491,0.6685900976506352
6.53e-10,0.6644751121213491,0.6685900976506352
6.531e-10,0.6644751121213491,0.6685900976506352
6.532e-10,0.6644751121213491,0.6685900976506352
6.533e-10,0.6644751121213491,0.6685900976506352
6.534e-10,0.6644751121213491,0.6685900976506352
6.535e-10,0.6644751121213491,0.6685900976506352
6.536e-10,0.6644751121213491,0.6685900976506352
6.537e-10,0.6644751121213491,0.6685900976506352
6.538e-10,0.6644751121213491,0.6685900976506352
6.539e-10,0.6644751121213491,0.6685900976506352
6.54e-10,0.6644751121213491,0.6685900976506352
6.541e-10,0.6644751121213491,0.6685900976506352
6.542e-10,0.6644751121213491,0.6685900976506352
6.543e-10,0.6644751121213491,0.6685900976506352
6.544e-10,0.6644751121213491,0.6685900976506352
6.545e-10,0.6644751121213491,0.6685900976506352
6.546e-10,0.6644751121213491,0.6685900976506352
6.547e-10,0.6644751121213491,0.6685900976506352
6.548e-10,0.6644751121213491,0.6685900976506352
6.549e-10,0.6644751121213491,0.6685900976506352
6.55e-10,0.6644751121213491,0.6685900976506352
6.551e-10,0.6644751121213491,0.6685900976506352
6.552e-10,0.6644751121213491,0.6685900976506352
6.553e-10,0.6644751121213491,0.6685900976506352
6.554e-10,0.6644751121213491,0.6685900976506352
6.555e-10,0.6644751121213491,0.6685900976506352
6.556e-10,0.6644751121213491,0.6685900976506352
6.557e-10,0.6644751121213491,0.6685900976506352
6.558e-10,0.6644751121213491,0.6685900976506352
6.559e-10,0.6644751121213491,0.6685900976506352
6.56e-10,0.6644751121213491,0.6685900976506352
6.561e-10,0.6644751121213491,0.6685900976506352
6.562e-10,0.6644751121213491,0.6685900976506352
6.563e-10,0.6644751121213491,0.6685900976506352
6.564e-10,0.6644751121213491,0.6685900976506352
6.565e-10,0.6644751121213491,0.6685900976506352
6.566e-10,0.6644751121213491,0.6685900976506352
6.567e-10,0.6644751121213491,0.6685900976506352
6.568e-10,0.6644751121213491,0.6685900976506352
6.569e-10,0.6644751121213491,0.6685900976506352
6.57e-10,0.6644751121213491,0.6685900976506352
6.571e-10,0.6644751121213491,0.6685900976506352
6.572e-10,0.6644751121213491,0.6685900976506352
6.573e-10,0.6644751121213491,0.6685900976506352
6.574e-10,0.6644751121213491,0.6685900976506352
6.575e-10,0.6644751121213491,0.6685900976506352
6.576e-10,0.6644751121213491,0.6685900976506352
6.577e-10,0.6644751121213491,0.6685900976506352
6.578e-10,0.6644751121213491,0.6685900976506352
6.579e-10,0.6644751121213491,0.6685900976506352
6.58e-10,0.6644751121213491,0.6685900976506352
6.581e-10,0.6644751121213491,0.6685900976506352
6.582e-10,0.6644751121213491,0.6685900976506352
6.583e-10,0.6644751121213491,0.6685900976506352
6.584e-10,0.6644751121213491,0.6685900976506352
6.585e-10,0.6644751121213491,0.6685900976506352
6.586e-10,0.6644751121213491,0.6685900976506352
6.587e-10,0.6644751121213491,0.6685900976506352
6.588e-10,0.6644751121213491,0.6685900976506352
6.589e-10,0.6644751121213491,0.6685900976506352
6.59e-10,0.6644751121213491,0.6685900976506352
6.591e-10,0.6644751121213491,0.6685900976506352
6.592e-10,0.6644751121213491,0.6685900976506352
6.593e-10,0.6644751121213491,0.6685900976506352
6.594e-10,0.6644751121213491,0.6685900976506352
6.595e-10,0.6644751121213491,0.6685900976506352
6.596e-10,0.6644751121213491,0.6685900976506352
6.597e-10,0.6644751121213491,0.6685900976506352
6.598e-10,0.6644751121213491,0.6685900976506352
6.599e-10,0.6644751121213491,0.6685900976506352
6.6e-10,0.6644751121213491,0.6685900976506352
6.601e-10,0.6644751121213491,0.6685900976506352
6.602e-10,0.6644751121213491,0.6685900976506352
6.603e-10,0.6644751121213491,0.6685900976506352
6.604e-10,0.6644751121213491,0.6685900976506352
6.605e-10,0.6644751121213491,0.6685900976506352
6.606e-10,0.6644751121213491,0.6685900976506352
6.607e-10,0.6644751121213491,0.6685900976506352
6.608e-10,0.6644751121213491,0.6685900976506352
6.609e-10,0.6644751121213491,0.6685900976506352
6.61e-10,0.6644751121213491,0.6685900976506352
6.611e-10,0.6644751121213491,0.6685900976506352
6.612e-10,0.6644751121213491,0.6685900976506352
6.613e-10,0.6644751121213491,0.6685900976506352
6.614e-10,0.6644751121213491,0.6685900976506352
6.615e-10,0.6644751121213491,0.6685900976506352
6.616e-10,0.6644751121213491,0.6685900976506352
6.617e-10,0.6644751121213491,0.6685900976506352
6.618e-10,0.6644751121213491,0.6685900976506352
6.619e-10,0.6644751121213491,0.6685900976506352
6.62e-10,0.6644751121213491,0.6685900976506352
6.621e-10,0.6644751121213491,0.6685900976506352
6.622e-10,0.6644751121213491,0.6685900976506352
6.623e-10,0.6644751121213491,0.6685900976506352
6.624e-10,0.6644751121213491,0.6685900976506352
6.625e-10,0.6644751121213491,0.6685900976506352
6.626e-10,0.6644751121213491,0.6685900976506352
6.627e-10,0.6644751121213491,0.6685900976506352
6.628e-10,0.6644751121213491,0.6685900976506352
6.629e-10,0.6644751121213491,0.6685900976506352
6.63e-10,0.6644751121213491,0.6685900976506352
6.631e-10,0.6644751121213491,0.6685900976506352
6.632e-10,0.6644751121213491,0.6685900976506352
6.633e-10,0.6644751121213491,0.6685900976506352
6.634e-10,0.6644751121213491,0.6685900976506352
6.635e-10,0.6644751121213491,0.6685900976506352
6.636e-10,0.6644751121213491,0.6685900976506352
6.637e-10,0.6644751121213491,0.6685900976506352
6.638e-10,0.6644751121213491,0.6685900976506352
6.639e-10,0.6644751121213491,0.6685900976506352
6.64e-10,0.6644751121213491,0.6685900976506352
6.641e-10,0.6644751121213491,0.6685900976506352
6.642e-10,0.6644751121213491,0.6685900976506352
6.643e-10,0.6644751121213491,0.6685900976506352
6.644e-10,0.6644751121213491,0.6685900976506352
6.645e-10,0.6644751121213491,0.6685900976506352
6.646e-10,0.6644751121213491,0.6685900976506352
6.647e-10,0.6644751121213491,0.6685900976506352
6.648e-10,0.6644751121213491,0.6685900976506352
6.649e-10,0.6644751121213491,0.6685900976506352
6.65e-10,0.6644751121213491,0.6685900976506352
6.651e-10,0.6644751121213491,0.6685900976506352
6.652e-10,0.6644751121213491,0.6685900976506352
6.653e-10,0.6644751121213491,0.6685900976506352
6.654e-10,0.6644751121213491,0.6685900976506352
6.655e-10,0.6644751121213491,0.6685900976506352
6.656e-10,0.6644751121213491,0.6685900976506352
6.657e-10,0.6644751121213491,0.6685900976506352
6.658e-10,0.6644751121213491,0.6685900976506352
6.659e-10,0.6644751121213491,0.6685900976506352
6.66e-10,0.6644751121213491,0.6685900976506352
6.661e-10,0.6644751121213491,0.6685900976506352
6.662e-10,0.6644751121213491,0.6685900976506352
6.663e-10,0.6644751121213491,0.6685900976506352
6.664e-10,0.6644751121213491,0.6685900976506352
6.665e-10,0.6644751121213491,0.6685900976506352
6.666e-10,0.6644751121213491,0.6685900976506352
6.667e-10,0.6644751121213491,0.6685900976506352
6.668e-10,0.6644751121213491,0.6685900976506352
6.669e-10,0.6644751121213491,0.6685900976506352
6.67e-10,0.6644751121213491,0.6685900976506352
6.671e-10,0.6644751121213491,0.6685900976506352
6.672e-10,0.6644751121213491,0.6685900976506352
6.673e-10,0.6644751121213491,0.6685900976506352
6.674e-10,0.6644751121213491,0.6685900976506352
6.675e-10,0.6644751121213491,0.6685900976506352
6.676e-10,0.6644751121213491,0.6685900976506352
6.677e-10,0.6644751121213491,0.6685900976506352
6.678e-10,0.6644751121213491,0.6685900976506352
6.679e-10,0.6644751121213491,0.6685900976506352
6.68e-10,0.6644751121213491,0.6685900976506352
6.681e-10,0.6644751121213491,0.6685900976506352
6.682e-10,0.6644751121213491,0.6685900976506352
6.683e-10,0.6644751121213491,0.6685900976506352
6.684e-10,0.6644751121213491,0.6685900976506352
6.685e-10,0.6644751121213491,0.6685900976506352
6.686e-10,0.6644751121213491,0.6685900976506352
6.687e-10,0.6644751121213491,0.6685900976506352
6.688e-10,0.6644751121213491,0.6685900976506352
6.689e-10,0.6644751121213491,0.6685900976506352
6.69e-10,0.6644751121213491,0.6685900976506352
6.691e-10,0.6644751121213491,0.6685900976506352
6.692e-10,0.6644751121213491,0.6685900976506352
6.693e-10,0.6644751121213491,0.6685900976506352
6.694e-10,0.6644751121213491,0.6685900976506352
6.695e-10,0.6644751121213491,0.6685900976506352
6.696e-10,0.6644751121213491,0.6685900976506352
6.697e-10,0.6644751121213491,0.6685900976506352
6.698e-10,0.6644751121213491,0.6685900976506352
6.699e-10,0.6644751121213491,0.6685900976506352
6.7e-10,0.6644751121213491,0.6685900976506352
6.701e-10,0.6644751121213491,0.6685900976506352
6.702e-10,0.6644751121213491,0.6685900976506352
6.703e-10,0.6644751121213491,0.6685900976506352
6.704e-10,0.6644751121213491,0.6685900976506352
6.705e-10,0.6644751121213491,0.6685900976506352
6.706e-10,0.6644751121213491,0.6685900976506352
6.707e-10,0.6644751121213491,0.6685900976506352
6.708e-10,0.6644751121213491,0.6685900976506352
6.709e-10,0.6644751121213491,0.6685900976506352
6.71e-10,0.6644751121213491,0.6685900976506352
6.711e-10,0.6644751121213491,0.6685900976506352
6.712e-10,0.6644751121213491,0.6685900976506352
6.713e-10,0.6644751121213491,0.6685900976506352
6.714e-10,0.6644751121213491,0.6685900976506352
6.715e-10,0.6644751121213491,0.6685900976506352
6.716e-10,0.6644751121213491,0.6685900976506352
6.717e-10,0.6644751121213491,0.6685900976506352
6.718e-10,0.6644751121213491,0.6685900976506352
6.719e-10,0.6644751121213491,0.6685900976506352
6.72e-10,0.6644751121213491,0.6685900976506352
6.721e-10,0.6644751121213491,0.6685900976506352
6.722e-10,0.6644751121213491,0.6685900976506352
6.723e-10,0.6644751121213491,0.6685900976506352
6.724e-10,0.6644751121213491,0.6685900976506352
6.725e-10,0.6644751121213491,0.6685900976506352
6.726e-10,0.6644751121213491,0.6685900976506352
6.727e-10,0.6644751121213491,0.6685900976506352
6.728e-10,0.6644751121213491,0.6685900976506352
6.729e-10,0.6644751121213491,0.6685900976506352
6.73e-10,0.6644751121213491,0.6685900976506352
6.731e-10,0.6644751121213491,0.6685900976506352
6.732e-10,0.6644751121213491,0.6685900976506352
6.733e-10,0.6644751121213491,0.6685900976506352
6.734e-10,0.6644751121213491,0.6685900976506352
6.735e-10,0.6644751121213491,0.6685900976506352
6.736e-10,0.6644751121213491,0.6685900976506352
6.737e-10,0.6644751121213491,0.6685900976506352
6.738e-10,0.6644751121213491,0.6685900976506352
6.739e-10,0.6644751121213491,0.6685900976506352
6.74e-10,0.6644751121213491,0.6685900976506352
6.741e-10,0.6644751121213491,0.6685900976506352
6.742e-10,0.6644751121213491,0.6685900976506352
6.743e-10,0.6644751121213491,0.6685900976506352
6.744e-10,0.6644751121213491,0.6685900976506352
6.745e-10,0.6644751121213491,0.6685900976506352
6.746e-10,0.6644751121213491,0.6685900976506352
6.747e-10,0.6644751121213491,0.6685900976506352
6.748e-10,0.6644751121213491,0.6685900976506352
6.749e-10,0.6644751121213491,0.6685900976506352
6.75e-10,0.6644751121213491,0.6685900976506352
6.751e-10,0.6644751121213491,0.6685900976506352
6.752e-10,0.6644751121213491,0.6685900976506352
6.753e-10,0.6644751121213491,0.6685900976506352
6.754e-10,0.6644751121213491,0.6685900976506352
6.755e-10,0.6644751121213491,0.6685900976506352
6.756e-10,0.6644751121213491,0.6685900976506352
6.757e-10,0.6644751121213491,0.6685900976506352
6.758e-10,0.6644751121213491,0.6685900976506352
6.759e-10,0.6644751121213491,0.6685900976506352
6.76e-10,0.6644751121213491,0.6685900976506352
6.761e-10,0.6644751121213491,0.6685900976506352
6.762e-10,0.6644751121213491,0.6685900976506352
6.763e-10,0.6644751121213491,0.6685900976506352
6.764e-10,0.6644751121213491,0.6685900976506352
6.765e-10,0.6644751121213491,0.6685900976506352
6.766e-10,0.6644751121213491,0.6685900976506352
6.767e-10,0.6644751121213491,0.6685900976506352
6.768e-10,0.6644751121213491,0.6685900976506352
6.769e-10,0.6644751121213491,0.6685900976506352
6.77e-10,0.6644751121213491,0.6685900976506352
6.771e-10,0.6644751121213491,0.6685900976506352
6.772e-10,0.6644751121213491,0.6685900976506352
6.773e-10,0.6644751121213491,0.6685900976506352
6.774e-10,0.6644751121213491,0.6685900976506352
6.775e-10,0.6644751121213491,0.6685900976506352
6.776e-10,0.6644751121213491,0.6685900976506352
6.777e-10,0.6644751121213491,0.6685900976506352
6.778e-10,0.6644751121213491,0.6685900976506352
6.779e-10,0.6644751121213491,0.6685900976506352
6.78e-10,0.6644751121213491,0.6685900976506352
6.781e-10,0.6644751121213491,0.6685900976506352
6.782e-10,0.6644751121213491,0.6685900976506352
6.783e-10,0.6644751121213491,0.6685900976506352
6.784e-10,0.6644751121213491,0.6685900976506352
6.785e-10,0.6644751121213491,0.6685900976506352
6.786e-10,0.6644751121213491,0.6685900976506352
6.787e-10,0.6644751121213491,0.6685900976506352
6.788e-10,0.6644751121213491,0.6685900976506352
6.789e-10,0.6644751121213491,0.6685900976506352
6.79e-10,0.6644751121213491,0.6685900976506352
6.791e-10,0.6644751121213491,0.6685900976506352
6.792e-10,0.6644751121213491,0.6685900976506352
6.793e-10,0.6644751121213491,0.6685900976506352
6.794e-10,0.6644751121213491,0.6685900976506352
6.795e-10,0.6644751121213491,0.6685900976506352
6.796e-10,0.6644751121213491,0.6685900976506352
6.797e-10,0.6644751121213491,0.6685900976506352
6.798e-10,0.6644751121213491,0.6685900976506352
6.799e-10,0.6644751121213491,0.6685900976506352
6.8e-10,0.6644751121213491,0.6685900976506352
6.801e-10,0.6644751121213491,0.6685900976506352
6.802e-10,0.6644751121213491,0.6685900976506352
6.803e-10,0.6644751121213491,0.6685900976506352
6.804e-10,0.6644751121213491,0.6685900976506352
6.805e-10,0.6644751121213491,0.6685900976506352
6.806e-10,0.6644751121213491,0.6685900976506352
6.807e-10,0.6644751121213491,0.6685900976506352
6.808e-10,0.6644751121213491,0.6685900976506352
6.809e-10,0.6644751121213491,0.6685900976506352
6.81e-10,0.6644751121213491,0.6685900976506352
6.811e-10,0.6644751121213491,0.6685900976506352
6.812e-10,0.6644751121213491,0.6685900976506352
6.813e-10,0.6644751121213491,0.6685900976506352
6.814e-10,0.6644751121213491,0.6685900976506352
6.815e-10,0.6644751121213491,0.6685900976506352
6.816e-10,0.6644751121213491,0.6685900976506352
6.817e-10,0.6644751121213491,0.6685900976506352
6.818e-10,0.6644751121213491,0.6685900976506352
6.819e-10,0.6644751121213491,0.6685900976506352
6.82e-10,0.6644751121213491,0.6685900976506352
6.821e-10,0.6644751121213491,0.6685900976506352
6.822e-10,0.6644751121213491,0.6685900976506352
6.823e-10,0.6644751121213491,0.6685900976506352
6.824e-10,0.6644751121213491,0.6685900976506352
6.825e-10,0.6644751121213491,0.6685900976506352
6.826e-10,0.6644751121213491,0.6685900976506352
6.827e-10,0.6644751121213491,0.6685900976506352
6.828e-10,0.6644751121213491,0.6685900976506352
6.829e-10,0.6644751121213491,0.6685900976506352
6.83e-10,0.6644751121213491,0.6685900976506352
6.831e-10,0.6644751121213491,0.6685900976506352
6.832e-10,0.6644751121213491,0.6685900976506352
6.833e-10,0.6644751121213491,0.6685900976506352
6.834e-10,0.6644751121213491,0.6685900976506352
6.835e-10,0.6644751121213491,0.6685900976506352
6.836e-10,0.6644751121213491,0.6685900976506352
6.837e-10,0.6644751121213491,0.6685900976506352
6.838e-10,0.6644751121213491,0.6685900976506352
6.839e-10,0.6644751121213491,0.6685900976506352
6.84e-10,0.6644751121213491,0.6685900976506352
6.841e-10,0.6644751121213491,0.6685900976506352
6.842e-10,0.6644751121213491,0.6685900976506352
6.843e-10,0.6644751121213491,0.6685900976506352
6.844e-10,0.6644751121213491,0.6685900976506352
6.845e-10,0.6644751121213491,0.6685900976506352
6.846e-10,0.6644751121213491,0.6685900976506352
6.847e-10,0.6644751121213491,0.6685900976506352
6.848e-10,0.6644751121213491,0.6685900976506352
6.849e-10,0.6644751121213491,0.6685900976506352
6.85e-10,0.6644751121213491,0.6685900976506352
6.851e-10,0.6644751121213491,0.6685900976506352
6.852e-10,0.6644751121213491,0.6685900976506352
6.853e-10,0.6644751121213491,0.6685900976506352
6.854e-10,0.6644751121213491,0.6685900976506352
6.855e-10,0.6644751121213491,0.6685900976506352
6.856e-10,0.6644751121213491,0.6685900976506352
6.857e-10,0.6644751121213491,0.6685900976506352
6.858e-10,0.6644751121213491,0.6685900976506352
6.859e-10,0.6644751121213491,0.6685900976506352
6.86e-10,0.6644751121213491,0.6685900976506352
6.861e-10,0.6644751121213491,0.6685900976506352
6.862e-10,0.6644751121213491,0.6685900976506352
6.863e-10,0.6644751121213491,0.6685900976506352
6.864e-10,0.6644751121213491,0.6685900976506352
6.865e-10,0.6644751121213491,0.6685900976506352
6.866e-10,0.6644751121213491,0.6685900976506352
6.867e-10,0.6644751121213491,0.6685900976506352
6.868e-10,0.6644751121213491,0.6685900976506352
6.869e-10,0.6644751121213491,0.6685900976506352
6.87e-10,0.6644751121213491,0.6685900976506352
6.871e-10,0.6644751121213491,0.6685900976506352
6.872e-10,0.6644751121213491,0.6685900976506352
6.873e-10,0.6644751121213491,0.6685900976506352
6.874e-10,0.6644751121213491,0.6685900976506352
6.875e-10,0.6644751121213491,0.6685900976506352
6.876e-10,0.6644751121213491,0.6685900976506352
6.877e-10,0.6644751121213491,0.6685900976506352
6.878e-10,0.6644751121213491,0.6685900976506352
6.879e-10,0.6644751121213491,0.6685900976506352
6.88e-10,0.6644751121213491,0.6685900976506352
6.881e-10,0.6644751121213491,0.6685900976506352
6.882e-10,0.6644751121213491,0.6685900976506352
6.883e-10,0.6644751121213491,0.6685900976506352
6.884e-10,0.6644751121213491,0.6685900976506352
6.885e-10,0.6644751121213491,0.6685900976506352
6.886e-10,0.6644751121213491,0.6685900976506352
6.887e-10,0.6644751121213491,0.6685900976506352
6.888e-10,0.6644751121213491,0.6685900976506352
6.889e-10,0.6644751121213491,0.6685900976506352
6.89e-10,0.6644751121213491,0.6685900976506352
6.891e-10,0.6644751121213491,0.6685900976506352
6.892e-10,0.6644751121213491,0.6685900976506352
6.893e-10,0.6644751121213491,0.6685900976506352
6.894e-10,0.6644751121213491,0.6685900976506352
6.895e-10,0.6644751121213491,0.6685900976506352
6.896e-10,0.6644751121213491,0.6685900976506352
6.897e-10,0.6644751121213491,0.6685900976506352
6.898e-10,0.6644751121213491,0.6685900976506352
6.899e-10,0.6644751121213491,0.6685900976506352
6.9e-10,0.6644751121213491,0.6685900976506352
6.901e-10,0.6644751121213491,0.6685900976506352
6.902e-10,0.6644751121213491,0.6685900976506352
6.903e-10,0.6644751121213491,0.6685900976506352
6.904e-10,0.6644751121213491,0.6685900976506352
6.905e-10,0.6644751121213491,0.6685900976506352
6.906e-10,0.6644751121213491,0.6685900976506352
6.907e-10,0.6644751121213491,0.6685900976506352
6.908e-10,0.6644751121213491,0.6685900976506352
6.909e-10,0.6644751121213491,0.6685900976506352
6.91e-10,0.6644751121213491,0.6685900976506352
6.911e-10,0.6644751121213491,0.6685900976506352
6.912e-10,0.6644751121213491,0.6685900976506352
6.913e-10,0.6644751121213491,0.6685900976506352
6.914e-10,0.6644751121213491,0.6685900976506352
6.915e-10,0.6644751121213491,0.6685900976506352
6.916e-10,0.6644751121213491,0.6685900976506352
6.917e-10,0.6644751121213491,0.6685900976506352
6.918e-10,0.6644751121213491,0.6685900976506352
6.919e-10,0.6644751121213491,0.6685900976506352
6.92e-10,0.6644751121213491,0.6685900976506352
6.921e-10,0.6644751121213491,0.6685900976506352
6.922e-10,0.6644751121213491,0.6685900976506352
6.923e-10,0.6644751121213491,0.6685900976506352
6.924e-10,0.6644751121213491,0.6685900976506352
6.925e-10,0.6644751121213491,0.6685900976506352
6.926e-10,0.6644751121213491,0.6685900976506352
6.927e-10,0.6644751121213491,0.6685900976506352
6.928e-10,0.6644751121213491,0.6685900976506352
6.929e-10,0.6644751121213491,0.6685900976506352
6.93e-10,0.6644751121213491,0.6685900976506352
6.931e-10,0.6644751121213491,0.6685900976506352
6.932e-10,0.6644751121213491,0.6685900976506352
6.933e-10,0.6644751121213491,0.6685900976506352
6.934e-10,0.6644751121213491,0.6685900976506352
6.935e-10,0.6644751121213491,0.6685900976506352
6.936e-10,0.6644751121213491,0.6685900976506352
6.937e-10,0.6644751121213491,0.6685900976506352
6.938e-10,0.6644751121213491,0.6685900976506352
6.939e-10,0.6644751121213491,0.6685900976506352
6.94e-10,0.6644751121213491,0.6685900976506352
6.941e-10,0.6644751121213491,0.6685900976506352
6.942e-10,0.6644751121213491,0.6685900976506352
6.943e-10,0.6644751121213491,0.6685900976506352
6.944e-10,0.6644751121213491,0.6685900976506352
6.945e-10,0.6644751121213491,0.6685900976506352
6.946e-10,0.6644751121213491,0.6685900976506352
6.947e-10,0.6644751121213491,0.6685900976506352
6.948e-10,0.6644751121213491,0.6685900976506352
6.949e-10,0.6644751121213491,0.6685900976506352
6.95e-10,0.6644751121213491,0.6685900976506352
6.951e-10,0.6644751121213491,0.6685900976506352
6.952e-10,0.6644751121213491,0.6685900976506352
6.953e-10,0.6644751121213491,0.6685900976506352
6.954e-10,0.6644751121213491,0.6685900976506352
6.955e-10,0.6644751121213491,0.6685900976506352
6.956e-10,0.6644751121213491,0.6685900976506352
6.957e-10,0.6644751121213491,0.6685900976506352
6.958e-10,0.6644751121213491,0.6685900976506352
6.959e-10,0.6644751121213491,0.6685900976506352
6.96e-10,0.6644751121213491,0.6685900976506352
6.961e-10,0.6644751121213491,0.6685900976506352
6.962e-10,0.6644751121213491,0.6685900976506352
6.963e-10,0.6644751121213491,0.6685900976506352
6.964e-10,0.6644751121213491,0.6685900976506352
6.965e-10,0.6644751121213491,0.6685900976506352
6.966e-10,0.6644751121213491,0.6685900976506352
6.967e-10,0.6644751121213491,0.6685900976506352
6.968e-10,0.6644751121213491,0.6685900976506352
6.969e-10,0.6644751121213491,0.6685900976506352
6.97e-10,0.6644751121213491,0.6685900976506352
6.971e-10,0.6644751121213491,0.6685900976506352
6.972e-10,0.6644751121213491,0.6685900976506352
6.973e-10,0.6644751121213491,0.6685900976506352
6.974e-10,0.6644751121213491,0.6685900976506352
6.975e-10,0.6644751121213491,0.6685900976506352
6.976e-10,0.6644751121213491,0.6685900976506352
6.977e-10,0.6644751121213491,0.6685900976506352
6.978e-10,0.6644751121213491,0.6685900976506352
6.979e-10,0.6644751121213491,0.6685900976506352
6.98e-10,0.6644751121213491,0.6685900976506352
6.981e-10,0.6644751121213491,0.6685900976506352
6.982e-10,0.6644751121213491,0.6685900976506352
6.983e-10,0.6644751121213491,0.6685900976506352
6.984e-10,0.6644751121213491,0.6685900976506352
6.985e-10,0.6644751121213491,0.6685900976506352
6.986e-10,0.6644751121213491,0.6685900976506352
6.987e-10,0.6644751121213491,0.6685900976506352
6.988e-10,0.6644751121213491,0.6685900976506352
6.989e-10,0.6644751121213491,0.6685900976506352
6.99e-10,0.6644751121213491,0.6685900976506352
6.991e-10,0.6644751121213491,0.6685900976506352
6.992e-10,0.6644751121213491,0.6685900976506352
6.993e-10,0.6644751121213491,0.6685900976506352
6.994e-10,0.6644751121213491,0.6685900976506352
6.995e-10,0.6644751121213491,0.6685900976506352
6.996e-10,0.6644751121213491,0.6685900976506352
6.997e-10,0.6644751121213491,0.6685900976506352
6.998e-10,0.6644751121213491,0.6685900976506352
6.999e-10,0.6644751121213491,0.6685900976506352
7e-10,0.6644751121213491,0.6685900976506352
7.001e-10,0.6644751121213491,0.6685900976506352
7.002e-10,0.6644751121213491,0.6685900976506352
7.003e-10,0.6644751121213491,0.6685900976506352
7.004e-10,0.6644751121213491,0.6685900976506352
7.005e-10,0.6644751121213491,0.6685900976506352
7.006e-10,0.6644751121213491,0.6685900976506352
7.007e-10,0.6644751121213491,0.6685900976506352
7.008e-10,0.6644751121213491,0.6685900976506352
7.009e-10,0.6644751121213491,0.6685900976506352
7.01e-10,0.6644751121213491,0.6685900976506352
7.011e-10,0.6644751121213491,0.6685900976506352
7.012e-10,0.6644751121213491,0.6685900976506352
7.013e-10,0.6644751121213491,0.6685900976506352
7.014e-10,0.6644751121213491,0.6685900976506352
7.015e-10,0.6644751121213491,0.6685900976506352
7.016e-10,0.6644751121213491,0.6685900976506352
7.017e-10,0.6644751121213491,0.6685900976506352
7.018e-10,0.6644751121213491,0.6685900976506352
7.019e-10,0.6644751121213491,0.6685900976506352
7.02e-10,0.6644751121213491,0.6685900976506352
7.021e-10,0.6644751121213491,0.6685900976506352
7.022e-10,0.6644751121213491,0.6685900976506352
7.023e-10,0.6644751121213491,0.6685900976506352
7.024e-10,0.6644751121213491,0.6685900976506352
7.025e-10,0.6644751121213491,0.6685900976506352
7.026e-10,0.6644751121213491,0.6685900976506352
7.027e-10,0.6644751121213491,0.6685900976506352
7.028e-10,0.6644751121213491,0.6685900976506352
7.029e-10,0.6644751121213491,0.6685900976506352
7.03e-10,0.6644751121213491,0.6685900976506352
7.031e-10,0.6644751121213491,0.6685900976506352
7.032e-10,0.6644751121213491,0.6685900976506352
7.033e-10,0.6644751121213491,0.6685900976506352
7.034e-10,0.6644751121213491,0.6685900976506352
7.035e-10,0.6644751121213491,0.6685900976506352
7.036e-10,0.6644751121213491,0.6685900976506352
7.037e-10,0.6644751121213491,0.6685900976506352
7.038e-10,0.6644751121213491,0.6685900976506352
7.039e-10,0.6644751121213491,0.6685900976506352
7.04e-10,0.6644751121213491,0.6685900976506352
7.041e-10,0.6644751121213491,0.6685900976506352
7.042e-10,0.6644751121213491,0.6685900976506352
7.043e-10,0.6644751121213491,0.6685900976506352
7.044e-10,0.6644751121213491,0.6685900976506352
7.045e-10,0.6644751121213491,0.6685900976506352
7.046e-10,0.6644751121213491,0.6685900976506352
7.047e-10,0.6644751121213491,0.6685900976506352
7.048e-10,0.6644751121213491,0.6685900976506352
7.049e-10,0.6644751121213491,0.6685900976506352
7.05e-10,0.6644751121213491,0.6685900976506352
7.051e-10,0.6644751121213491,0.6685900976506352
7.052e-10,0.6644751121213491,0.6685900976506352
7.053e-10,0.6644751121213491,0.6685900976506352
7.054e-10,0.6644751121213491,0.6685900976506352
7.055e-10,0.6644751121213491,0.6685900976506352
7.056e-10,0.6644751121213491,0.6685900976506352
7.057e-10,0.6644751121213491,0.6685900976506352
7.058e-10,0.6644751121213491,0.6685900976506352
7.059e-10,0.6644751121213491,0.6685900976506352
7.06e-10,0.6644751121213491,0.6685900976506352
7.061e-10,0.6644751121213491,0.6685900976506352
7.062e-10,0.6644751121213491,0.6685900976506352
7.063e-10,0.6644751121213491,0.6685900976506352
7.064e-10,0.6644751121213491,0.6685900976506352
7.065e-10,0.6644751121213491,0.6685900976506352
7.066e-10,0.6644751121213491,0.6685900976506352
7.067e-10,0.6644751121213491,0.6685900976506352
7.068e-10,0.6644751121213491,0.6685900976506352
7.069e-10,0.6644751121213491,0.6685900976506352
7.07e-10,0.6644751121213491,0.6685900976506352
7.071e-10,0.6644751121213491,0.6685900976506352
7.072e-10,0.6644751121213491,0.6685900976506352
7.073e-10,0.6644751121213491,0.6685900976506352
7.074e-10,0.6644751121213491,0.6685900976506352
7.075e-10,0.6644751121213491,0.6685900976506352
7.076e-10,0.6644751121213491,0.6685900976506352
7.077e-10,0.6644751121213491,0.6685900976506352
7.078e-10,0.6644751121213491,0.6685900976506352
7.079e-10,0.6644751121213491,0.6685900976506352
7.08e-10,0.6644751121213491,0.6685900976506352
7.081e-10,0.6644751121213491,0.6685900976506352
7.082e-10,0.6644751121213491,0.6685900976506352
7.083e-10,0.6644751121213491,0.6685900976506352
7.084e-10,0.6644751121213491,0.6685900976506352
7.085e-10,0.6644751121213491,0.6685900976506352
7.086e-10,0.6644751121213491,0.6685900976506352
7.087e-10,0.6644751121213491,0.6685900976506352
7.088e-10,0.6644751121213491,0.6685900976506352
7.089e-10,0.6644751121213491,0.6685900976506352
7.09e-10,0.6644751121213491,0.6685900976506352
7.091e-10,0.6644751121213491,0.6685900976506352
7.092e-10,0.6644751121213491,0.6685900976506352
7.093e-10,0.6644751121213491,0.6685900976506352
7.094e-10,0.6644751121213491,0.6685900976506352
7.095e-10,0.6644751121213491,0.6685900976506352
7.096e-10,0.6644751121213491,0.6685900976506352
7.097e-10,0.6644751121213491,0.6685900976506352
7.098e-10,0.6644751121213491,0.6685900976506352
7.099e-10,0.6644751121213491,0.6685900976506352
7.1e-10,0.6644751121213491,0.6685900976506352
7.101e-10,0.6644751121213491,0.6685900976506352
7.102e-10,0.6644751121213491,0.6685900976506352
7.103e-10,0.6644751121213491,0.6685900976506352
7.104e-10,0.6644751121213491,0.6685900976506352
7.105e-10,0.6644751121213491,0.6685900976506352
7.106e-10,0.6644751121213491,0.6685900976506352
7.107e-10,0.6644751121213491,0.6685900976506352
7.108e-10,0.6644751121213491,0.6685900976506352
7.109e-10,0.6644751121213491,0.6685900976506352
7.11e-10,0.6644751121213491,0.6685900976506352
7.111e-10,0.6644751121213491,0.6685900976506352
7.112e-10,0.6644751121213491,0.6685900976506352
7.113e-10,0.6644751121213491,0.6685900976506352
7.114e-10,0.6644751121213491,0.6685900976506352
7.115e-10,0.6644751121213491,0.6685900976506352
7.116e-10,0.6644751121213491,0.6685900976506352
7.117e-10,0.6644751121213491,0.6685900976506352
7.118e-10,0.6644751121213491,0.6685900976506352
7.119e-10,0.6644751121213491,0.6685900976506352
7.12e-10,0.6644751121213491,0.6685900976506352
7.121e-10,0.6644751121213491,0.6685900976506352
7.122e-10,0.6644751121213491,0.6685900976506352
7.123e-10,0.6644751121213491,0.6685900976506352
7.124e-10,0.6644751121213491,0.6685900976506352
7.125e-10,0.6644751121213491,0.6685900976506352
7.126e-10,0.6644751121213491,0.6685900976506352
7.127e-10,0.6644751121213491,0.6685900976506352
7.128e-10,0.6644751121213491,0.6685900976506352
7.129e-10,0.6644751121213491,0.6685900976506352
7.13e-10,0.6644751121213491,0.6685900976506352
7.131e-10,0.6644751121213491,0.6685900976506352
7.132e-10,0.6644751121213491,0.6685900976506352
7.133e-10,0.6644751121213491,0.6685900976506352
7.134e-10,0.6644751121213491,0.6685900976506352
7.135e-10,0.6644751121213491,0.6685900976506352
7.136e-10,0.6644751121213491,0.6685900976506352
7.137e-10,0.6644751121213491,0.6685900976506352
7.138e-10,0.6644751121213491,0.6685900976506352
7.139e-10,0.6644751121213491,0.6685900976506352
7.14e-10,0.6644751121213491,0.6685900976506352
7.141e-10,0.6644751121213491,0.6685900976506352
7.142e-10,0.6644751121213491,0.6685900976506352
7.143e-10,0.6644751121213491,0.6685900976506352
7.144e-10,0.6644751121213491,0.6685900976506352
7.145e-10,0.6644751121213491,0.6685900976506352
7.146e-10,0.6644751121213491,0.6685900976506352
7.147e-10,0.6644751121213491,0.6685900976506352
7.148e-10,0.6644751121213491,0.6685900976506352
7.149e-10,0.6644751121213491,0.6685900976506352
7.15e-10,0.6644751121213491,0.6685900976506352
7.151e-10,0.6644751121213491,0.6685900976506352
7.152e-10,0.6644751121213491,0.6685900976506352
7.153e-10,0.6644751121213491,0.6685900976506352
7.154e-10,0.6644751121213491,0.6685900976506352
7.155e-10,0.6644751121213491,0.6685900976506352
7.156e-10,0.6644751121213491,0.6685900976506352
7.157e-10,0.6644751121213491,0.6685900976506352
7.158e-10,0.6644751121213491,0.6685900976506352
7.159e-10,0.6644751121213491,0.6685900976506352
7.16e-10,0.6644751121213491,0.6685900976506352
7.161e-10,0.6644751121213491,0.6685900976506352
7.162e-10,0.6644751121213491,0.6685900976506352
7.163e-10,0.6644751121213491,0.6685900976506352
7.164e-10,0.6644751121213491,0.6685900976506352
7.165e-10,0.6644751121213491,0.6685900976506352
7.166e-10,0.6644751121213491,0.6685900976506352
7.167e-10,0.6644751121213491,0.6685900976506352
7.168e-10,0.6644751121213491,0.6685900976506352
7.169e-10,0.6644751121213491,0.6685900976506352
7.17e-10,0.6644751121213491,0.6685900976506352
7.171e-10,0.6644751121213491,0.6685900976506352
7.172e-10,0.6644751121213491,0.6685900976506352
7.173e-10,0.6644751121213491,0.6685900976506352
7.174e-10,0.6644751121213491,0.6685900976506352
7.175e-10,0.6644751121213491,0.6685900976506352
7.176e-10,0.6644751121213491,0.6685900976506352
7.177e-10,0.6644751121213491,0.6685900976506352
7.178e-10,0.6644751121213491,0.6685900976506352
7.179e-10,0.6644751121213491,0.6685900976506352
7.18e-10,0.6644751121213491,0.6685900976506352
7.181e-10,0.6644751121213491,0.6685900976506352
7.182e-10,0.6644751121213491,0.6685900976506352
7.183e-10,0.6644751121213491,0.6685900976506352
7.184e-10,0.6644751121213491,0.6685900976506352
7.185e-10,0.6644751121213491,0.6685900976506352
7.186e-10,0.6644751121213491,0.6685900976506352
7.187e-10,0.6644751121213491,0.6685900976506352
7.188e-10,0.6644751121213491,0.6685900976506352
7.189e-10,0.6644751121213491,0.6685900976506352
7.19e-10,0.6644751121213491,0.6685900976506352
7.191e-10,0.6644751121213491,0.6685900976506352
7.192e-10,0.6644751121213491,0.6685900976506352
7.193e-10,0.6644751121213491,0.6685900976506352
7.194e-10,0.6644751121213491,0.6685900976506352
7.195e-10,0.6644751121213491,0.6685900976506352
7.196e-10,0.6644751121213491,0.6685900976506352
7.197e-10,0.6644751121213491,0.6685900976506352
7.198e-10,0.6644751121213491,0.6685900976506352
7.199e-10,0.6644751121213491,0.6685900976506352
7.2e-10,0.6644751121213491,0.6685900976506352
7.201e-10,0.6644751121213491,0.6685900976506352
7.202e-10,0.6644751121213491,0.6685900976506352
7.203e-10,0.6644751121213491,0.6685900976506352
7.204e-10,0.6644751121213491,0.6685900976506352
7.205e-10,0.6644751121213491,0.6685900976506352
7.206e-10,0.6644751121213491,0.6685900976506352
7.207e-10,0.6644751121213491,0.6685900976506352
7.208e-10,0.6644751121213491,0.6685900976506352
7.209e-10,0.6644751121213491,0.6685900976506352
7.21e-10,0.6644751121213491,0.6685900976506352
7.211e-10,0.6644751121213491,0.668606822577478
7.212e-10,0.6644751121213491,0.6686244586879949
7.213e-10,0.6644751121213491,0.6686423944026065
7.214e-10,0.6644751121213491,0.6686602968337235
7.215e-10,0.6644751121213491,0.6686779820352126
7.216e-10,0.6644751121213491,0.6686953464726131
7.217e-10,0.6644751121213491,0.6687123306649354
7.218e-10,0.6644751121213491,0.6687288998059742
7.219e-10,0.6644751121213491,0.6687450333620988
7.22e-10,0.6644751121213491,0.6687450333620988
7.221e-10,0.6644751121213491,0.6687611690907558
7.222e-10,0.6644751121213491,0.6687611690907558
7.223e-10,0.6644751121213491,0.6687773433707902
7.224e-10,0.6644751121213491,0.6687773433707902
7.225e-10,0.6644751121213491,0.668793785982809
7.226e-10,0.6644751121213491,0.668793785982809
7.227e-10,0.6644751121213491,0.668793785982809
7.228e-10,0.6644751121213491,0.6688107933488203
7.229e-10,0.6644751121213491,0.6688107933488203
7.23e-10,0.6644751121213491,0.6688107933488203
7.231e-10,0.6644751121213491,0.6688107933488203
7.232e-10,0.6644751121213491,0.6688107933488203
7.233e-10,0.6644751121213491,0.6688287842537833
7.234e-10,0.6644751121213491,0.6688287842537833
7.235e-10,0.6644751121213491,0.6688287842537833
7.236e-10,0.6644751121213491,0.6688287842537833
7.237e-10,0.6644751121213491,0.6688287842537833
7.238e-10,0.6644751121213491,0.6688287842537833
7.239e-10,0.6644751121213491,0.6688287842537833
7.24e-10,0.6644751121213491,0.6688287842537833
7.241e-10,0.6644751121213491,0.6688492900079128
7.242e-10,0.6644751121213491,0.6688492900079128
7.243e-10,0.6644751121213491,0.6688695098174874
7.244e-10,0.6644751121213491,0.6688695098174874
7.245e-10,0.6644751121213491,0.6688893611743199
7.246e-10,0.6644751121213491,0.6688893611743199
7.247e-10,0.6644751121213491,0.668908782479738
7.248e-10,0.6644751121213491,0.668908782479738
7.249e-10,0.6644751121213491,0.6689277273801406
7.25e-10,0.6644751121213491,0.6689277273801406
7.251e-10,0.6644751121213491,0.6689461617168803
7.252e-10,0.6644751121213491,0.6689650090910547
7.253e-10,0.6644751121213491,0.6689840683838812
7.254e-10,0.6644751121213491,0.6690032034340242
7.255e-10,0.6644751121213491,0.6690223174972907
7.256e-10,0.6644751121213491,0.6690413386640199
7.257e-10,0.6644751121213491,0.6690602114397742
7.258e-10,0.6644751121213491,0.6690788917907126
7.259e-10,0.6644751121213491,0.6690973441481933
7.26e-10,0.6644751121213491,0.6691155395303836
7.261e-10,0.6644751121213491,0.6691334543081275
7.262e-10,0.6644751121213491,0.6691510693486521
7.263e-10,0.6644751121213491,0.6691683693861918
7.264e-10,0.6644751121213491,0.6691853425334525
7.265e-10,0.6644751121213491,0.669201979884341
7.266e-10,0.6644751121213491,0.6692197293917317
7.267e-10,0.6644751121213491,0.6692388721394791
7.268e-10,0.6644751121213491,0.6692590773674377
7.269e-10,0.6644751121213491,0.6692801034387688
7.27e-10,0.6644751121213491,0.6693017657058392
7.271e-10,0.6644751121213491,0.669323917534256
7.272e-10,0.6644751121213491,0.6693464389295077
7.273e-10,0.6644751121213491,0.6693692295726582
7.274e-10,0.6644751121213491,0.6693922044303113
7.275e-10,0.6644751121213491,0.6694152908814549
7.276e-10,0.6644751121213491,0.6694384267496206
7.277e-10,0.6644751121213491,0.6694615588851222
7.278e-10,0.6644751121213491,0.6694846420899089
7.279e-10,0.6644751121213491,0.669507638263014
7.28e-10,0.6644751121213491,0.6695317706690779
7.281e-10,0.6644751121213491,0.6695581785943263
7.282e-10,0.6644751121213491,0.6695861285126323
7.283e-10,0.6644751121213491,0.6696153284376241
7.284e-10,0.6644751121213491,0.6696455498007134
7.285e-10,0.6644751121213491,0.6696766057030521
7.286e-10,0.6644751121213491,0.6697083402742392
7.287e-10,0.6644751121213491,0.6697406218875676
7.288e-10,0.6644751121213491,0.6697734313481478
7.289e-10,0.6644751121213491,0.6698070444188022
7.29e-10,0.6644751121213491,0.6698413922159289
7.291e-10,0.6644751121213491,0.6698764071209162
7.292e-10,0.6644751121213491,0.6699120269136252
7.293e-10,0.6644751121213491,0.6699481968413992
7.294e-10,0.6644751121213491,0.6699852469649223
7.295e-10,0.6644751121213491,0.6700252950370335
7.296e-10,0.6644751121213491,0.670067636507316
7.297e-10,0.6644751121213491,0.6701117848074742
7.298e-10,0.6644751121213491,0.6701573928942657
7.299e-10,0.6644751121213491,0.6702042044104453
7.3e-10,0.6644751121213491,0.6702520236147066
7.301e-10,0.6644751121213491,0.6703006967170275
7.302e-10,0.6644751121213491,0.6703501001626714
7.303e-10,0.6644751121213491,0.6704001331642516
7.304e-10,0.6644751121213491,0.6704507128429537
7.305e-10,0.6644751121213491,0.6705017709825493
7.306e-10,0.6644751121213491,0.6705532517892094
7.307e-10,0.6644751121213491,0.670605110286394
7.308e-10,0.6644751121213491,0.6706573111177009
7.309e-10,0.6644751121213491,0.6707137448364974
7.31e-10,0.6644751121213491,0.6707739870524235
7.311e-10,0.6644751121213491,0.6708371260908883
7.312e-10,0.6644751121213491,0.6709025289139076
7.313e-10,0.6644751121213491,0.6709697436658872
7.314e-10,0.6644751121213491,0.6710384379357058
7.315e-10,0.6644751121213491,0.6711106734891935
7.316e-10,0.6644751121213491,0.6711922588512707
7.317e-10,0.6644751121213491,0.6712805670352757
7.318e-10,0.6644751121213491,0.6713736749878699
7.319e-10,0.6644751121213491,0.6714702163118241
7.32e-10,0.6644751121213491,0.6715692061264351
7.321e-10,0.6644751121213491,0.6716685862089038
7.322e-10,0.6644751121213491,0.6717629982529065
7.323e-10,0.6644751121213491,0.6718537972315592
7.324e-10,0.6644751121213491,0.6719419240443706
7.325e-10,0.6644751121213491,0.6720281052140383
7.326e-10,0.6644751121213491,0.6721128809656779
7.327e-10,0.6644751121213491,0.6721966510843063
7.328e-10,0.6644751121213491,0.6722797097362929
7.329e-10,0.6644751121213491,0.6723622718897435
7.33e-10,0.6644751121213491,0.6724446734110286
7.331e-10,0.6644751121213491,0.6725315570760332
7.332e-10,0.6644751121213491,0.6726214988187321
7.333e-10,0.6644751121213491,0.6727135967958263
7.334e-10,0.6644751121213491,0.6728071555465568
7.335e-10,0.6644751121213491,0.6729016374479693
7.336e-10,0.6644751121213491,0.6729966255147074
7.337e-10,0.6644751121213491,0.6730921138261878
7.338e-10,0.6644751121213491,0.6731832014135581
7.339e-10,0.6644751121213491,0.673270130240404
7.34e-10,0.6644751121213491,0.6733535771238643
7.341e-10,0.6644751121213491,0.6734340681045269
7.342e-10,0.6644751121213491,0.6735121948589261
7.343e-10,0.6644751121213491,0.673596228118328
7.344e-10,0.6644751121213491,0.6736855662360671
7.345e-10,0.6644751121213491,0.673779344421766
7.346e-10,0.6644751121213491,0.67387685412311
7.347e-10,0.6644751121213491,0.6739775153337837
7.348e-10,0.6644751121213491,0.6740808541036097
7.349e-10,0.6644751121213491,0.6741864840728612
7.35e-10,0.6644751121213491,0.6742940912846831
7.351e-10,0.6644751121213491,0.6744034216775561
7.352e-10,0.6644751121213491,0.6745096561514548
7.353e-10,0.6644751121213491,0.6746130752835321
7.354e-10,0.6644751121213491,0.674714743753285
7.355e-10,0.6644751121213491,0.6748151387359757
7.356e-10,0.6644751121213491,0.6749147707783945
7.357e-10,0.6644751121213491,0.6750140713649929
7.358e-10,0.6644751121213491,0.6751134027495549
7.359e-10,0.6644751121213491,0.6752130665484308
7.36e-10,0.6644751121213491,0.675313311204032
7.361e-10,0.6644751121213491,0.675414338493036
7.362e-10,0.6644751121213491,0.6755190913328957
7.363e-10,0.6644751121213491,0.6756293757403943
7.364e-10,0.6644751121213491,0.6757447016875239
7.365e-10,0.6644751121213491,0.6758643225141024
7.366e-10,0.6644751121213491,0.6759878853205578
7.367e-10,0.6644751121213491,0.6761097139574292
7.368e-10,0.6644751121213491,0.6762292954159831
7.369e-10,0.6644751121213491,0.6763468188184811
7.37e-10,0.6644751121213491,0.6764624687093298
7.371e-10,0.6644751121213491,0.6765761840883869
7.372e-10,0.6644751121213491,0.676687846037313
7.373e-10,0.6644751121213491,0.6767977723924117
7.374e-10,0.6644751121213491,0.6769062360163864
7.375e-10,0.6644751121213491,0.6770134680599124
7.376e-10,0.6644751121213491,0.6771196613831785
7.377e-10,0.6644751121213491,0.677224973854869
7.378e-10,0.6644751121213491,0.6773277719201996
7.379e-10,0.6644751121213491,0.6774271017062091
7.38e-10,0.6644751121213491,0.6775228964152115
7.381e-10,0.6644751121213491,0.6776150183929432
7.382e-10,0.6644751121213491,0.6777033637572702
7.383e-10,0.6644751121213491,0.6777878300755288
7.384e-10,0.6644751121213491,0.6778683178354311
7.385e-10,0.6644751121213491,0.6779447318297034
7.386e-10,0.6644751121213491,0.6780199887081266
7.387e-10,0.6644751121213491,0.6780919037160068
7.388e-10,0.6644751121213491,0.6781599829550027
7.389e-10,0.6644751121213491,0.6782242911828099
7.39e-10,0.6644751121213491,0.6782848934974193
7.391e-10,0.6644751121213491,0.6783418539855229
7.392e-10,0.6644751121213491,0.6783952351344723
7.393e-10,0.6644751121213491,0.678445097287418
7.394e-10,0.6644751121213491,0.6784868777455612
7.395e-10,0.6644751121213491,0.6785204081850221
7.396e-10,0.6644751121213491,0.6785460656608333
7.397e-10,0.6644751121213491,0.6785642190521837
7.398e-10,0.6644751121213491,0.6785752202948592
7.399e-10,0.6644751121213491,0.6785794046433743
7.4e-10,0.6644751121213491,0.6785770910506075
7.401e-10,0.6644751121213491,0.6785685826405251
7.402e-10,0.6644751121213491,0.6785541672615885
7.403e-10,0.6644751121213491,0.6785355819558934
7.404e-10,0.6644751121213491,0.6785131813549987
7.405e-10,0.6644751121213491,0.6784870943669626
7.406e-10,0.6644751121213491,0.6784574328321541
7.407e-10,0.6644751121213491,0.6784242999688982
7.408e-10,0.6644751121213491,0.678387790961958
7.409e-10,0.6644751121213491,0.6783471827020524
7.41e-10,0.6644751121213491,0.6783025303329995
7.411e-10,0.6644751121213491,0.6782742230141631
7.412e-10,0.6644751121213491,0.6782385339629832
7.413e-10,0.6644751121213491,0.6781943991984444
7.414e-10,0.6644751121213491,0.6781414186307057
7.415e-10,0.6644751121213491,0.6780804964428111
7.416e-10,0.6644751121213491,0.6780110185375625
7.417e-10,0.6644751121213491,0.6779338265010763
7.418e-10,0.6644751121213491,0.6778497370300979
7.419e-10,0.6644751121213491,0.6777595009613602
7.42e-10,0.6644751121213491,0.6776638084905865
7.421e-10,0.6644751121213491,0.6775632939681402
7.422e-10,0.6644751121213491,0.6774585403022735
7.423e-10,0.6644751121213491,0.677350083003273
7.424e-10,0.6644751121213491,0.6772384138989277
7.425e-10,0.6644751121213491,0.677123984549118
7.426e-10,0.6644751121213491,0.677007209384923
7.427e-10,0.6644751121213491,0.6768883249433864
7.428e-10,0.6644751121213491,0.6767666573239998
7.429e-10,0.6644751121213491,0.6766426925705112
7.43e-10,0.6644751121213491,0.6765168637438713
7.431e-10,0.6644751121213491,0.6763895653760105
7.432e-10,0.6644751121213491,0.6762611565472115
7.433e-10,0.6644751121213491,0.6761319637231002
7.434e-10,0.6644751121213491,0.6760022833695877
7.435e-10,0.6644751121213491,0.6758723843629467
7.436e-10,0.6644751121213491,0.6757425102109075
7.437e-10,0.6644751121213491,0.6756128810994518
7.438e-10,0.6644751121213491,0.6754836957788743
7.439e-10,0.6644751121213491,0.6753551333016435
7.44e-10,0.6644751121213491,0.6752273546236397
7.441e-10,0.6644751121213491,0.6751005040794573
7.442e-10,0.6644751121213491,0.674974710741638
7.443e-10,0.6644751121213491,0.6748500896729351
7.444e-10,0.6644751121213491,0.6747267430800089
7.445e-10,0.6644751121213491,0.6746047613762914
7.446e-10,0.6644751121213491,0.6744842241611624
7.447e-10,0.6644751121213491,0.6743652011220126
7.448e-10,0.6644751121213491,0.6742477528652586
7.449e-10,0.6644751121213491,0.6741319316818934
7.45e-10,0.6644751121213491,0.6740177822527191
7.451e-10,0.6644751121213491,0.6739053422980001
7.452e-10,0.6644751121213491,0.673794643175902
7.453e-10,0.6644751121213491,0.6736857104337353
7.454e-10,0.6644751121213491,0.6735785643157063
7.455e-10,0.6644751121213491,0.6734732202305826
7.456e-10,0.6644751121213491,0.6733696891824131
7.457e-10,0.6644751121213491,0.6732679781671921
7.458e-10,0.6644751121213491,0.6731680905381295
7.459e-10,0.6644751121213491,0.6730700263419797
7.46e-10,0.6644751121213491,0.6729737826286837
7.461e-10,0.6644751121213491,0.6728793537364086
7.462e-10,0.6644751121213491,0.6727867315538955
7.463e-10,0.6644751121213491,0.672695905761883
7.464e-10,0.6644751121213491,0.672606864055233
7.465e-10,0.6644751121213491,0.6725195923472538
7.466e-10,0.6644751121213491,0.6724340749576047
7.467e-10,0.6644751121213491,0.6723502947850523
7.468e-10,0.6644751121213491,0.672268233466253
7.469e-10,0.6644751121213491,0.6721878715216419
7.47e-10,0.6644751121213491,0.6721091884894267
7.471e-10,0.6644751121213491,0.6720321630486044
7.472e-10,0.6644751121213491,0.6719567731318512
7.473e-10,0.6644751121213491,0.6718829960290659
7.474e-10,0.6644751121213491,0.6718107035660508
7.475e-10,0.6644751121213491,0.6717397440168017
7.476e-10,0.6644751121213491,0.671670121255181
7.477e-10,0.6644751121213491,0.6716018366911555
7.478e-10,0.6644751121213491,0.6715348894729398
7.479e-10,0.6644751121213491,0.6714693032856484
7.48e-10,0.6644751121213491,0.6714050845111791
7.481e-10,0.6644751121213491,0.6713422219030836
7.482e-10,0.6644751121213491,0.6712807029847613
7.483e-10,0.6644751121213491,0.6712205142050586
7.484e-10,0.6644751121213491,0.6711616410488497
7.485e-10,0.6644751121213491,0.6711040681396022
7.486e-10,0.6644751121213491,0.6710477793345155
7.487e-10,0.6644751121213491,0.6709927578127649
7.488e-10,0.6644751121213491,0.67093898615734
7.489e-10,0.6644751121213491,0.6708864464309249
7.49e-10,0.6644751121213491,0.6708351202462279
7.491e-10,0.6644751121213491,0.670784988831143
7.492e-10,0.6644751121213491,0.6707360330890884
7.493e-10,0.6644751121213491,0.6706882336548482
7.494e-10,0.6644751121213491,0.6706415709462153
7.495e-10,0.6644751121213491,0.670596025211715
7.496e-10,0.6644751121213491,0.6705515765746667
7.497e-10,0.6644751121213491,0.6705082050738266
7.498e-10,0.6644751121213491,0.6704658907008352
7.499e-10,0.6644751121213491,0.6704246134346797
7.5e-10,0.6644751121213491,0.670384353273367
7.501e-10,0.6644751121213491,0.6703450902629905
7.502e-10,0.6644751121213491,0.6703450902629905
7.503e-10,0.6644751121213491,0.6703450902629905
7.504e-10,0.6644751121213491,0.6703450902629905
7.505e-10,0.6644751121213491,0.6703450902629905
7.506e-10,0.6644751121213491,0.6703450902629905
7.507e-10,0.6644751121213491,0.6703450902629905
7.508e-10,0.6644751121213491,0.6703450902629905
7.509e-10,0.6644751121213491,0.6703450902629905
7.51e-10,0.6644751121213491,0.6703450902629905
7.511e-10,0.6644751121213491,0.6703450902629905
7.512e-10,0.6644751121213491,0.6703450902629905
7.513e-10,0.6644751121213491,0.6703450902629905
7.514e-10,0.6644751121213491,0.6703450902629905
7.515e-10,0.6644751121213491,0.6703450902629905
7.516e-10,0.6644751121213491,0.6703450902629905
7.517e-10,0.6644751121213491,0.6703450902629905
7.518e-10,0.6644751121213491,0.6703450902629905
7.519e-10,0.6644751121213491,0.6703450902629905
7.52e-10,0.6644751121213491,0.6703450902629905
7.521e-10,0.6644751121213491,0.6703450902629905
7.522e-10,0.6644751121213491,0.6703450902629905
7.523e-10,0.6644751121213491,0.6703450902629905
7.524e-10,0.6644751121213491,0.6703450902629905
7.525e-10,0.6644751121213491,0.6703450902629905
7.526e-10,0.6644751121213491,0.6703450902629905
7.527e-10,0.6644751121213491,0.6703450902629905
7.528e-10,0.6644751121213491,0.6703450902629905
7.529e-10,0.6644751121213491,0.6703450902629905
7.53e-10,0.6644751121213491,0.6703450902629905
7.531e-10,0.6644751121213491,0.6703450902629905
7.532e-10,0.6644751121213491,0.6703450902629905
7.533e-10,0.6644751121213491,0.6703450902629905
7.534e-10,0.6644751121213491,0.6703450902629905
7.535e-10,0.6644751121213491,0.6703450902629905
7.536e-10,0.6644751121213491,0.6703450902629905
7.537e-10,0.6644751121213491,0.6703450902629905
7.538e-10,0.6644751121213491,0.6703450902629905
7.539e-10,0.6644751121213491,0.6703450902629905
7.54e-10,0.6644751121213491,0.6703450902629905
7.541e-10,0.6644751121213491,0.6703450902629905
7.542e-10,0.6644751121213491,0.6703450902629905
7.543e-10,0.6644751121213491,0.6703450902629905
7.544e-10,0.6644751121213491,0.6703450902629905
7.545e-10,0.6644751121213491,0.6703450902629905
7.546e-10,0.6644751121213491,0.6703450902629905
7.547e-10,0.6644751121213491,0.6703450902629905
7.548e-10,0.6644751121213491,0.6703450902629905
7.549e-10,0.6644751121213491,0.6703450902629905
7.55e-10,0.6644751121213491,0.6703450902629905
7.551e-10,0.6644751121213491,0.6703450902629905
7.552e-10,0.6644751121213491,0.6703450902629905
7.553e-10,0.6644751121213491,0.6703450902629905
7.554e-10,0.6644751121213491,0.6703450902629905
7.555e-10,0.6644751121213491,0.6703450902629905
7.556e-10,0.6644751121213491,0.6703450902629905
7.557e-10,0.6644751121213491,0.6703450902629905
7.558e-10,0.6644751121213491,0.6703450902629905
7.559e-10,0.6644751121213491,0.6703450902629905
7.56e-10,0.6644751121213491,0.6703450902629905
7.561e-10,0.6644751121213491,0.6703450902629905
7.562e-10,0.6644751121213491,0.6703450902629905
7.563e-10,0.6644751121213491,0.6703450902629905
7.564e-10,0.6644751121213491,0.6703450902629905
7.565e-10,0.6644751121213491,0.6703450902629905
7.566e-10,0.6644751121213491,0.6703450902629905
7.567e-10,0.6644751121213491,0.6703450902629905
7.568e-10,0.6644751121213491,0.6703450902629905
7.569e-10,0.6644751121213491,0.6703450902629905
7.57e-10,0.6644751121213491,0.6703450902629905
7.571e-10,0.6644751121213491,0.6703450902629905
7.572e-10,0.6644751121213491,0.6703450902629905
7.573e-10,0.6644751121213491,0.6703450902629905
7.574e-10,0.6644751121213491,0.6703450902629905
7.575e-10,0.6644751121213491,0.6703450902629905
7.576e-10,0.6644751121213491,0.6703450902629905
7.577e-10,0.6644751121213491,0.6703450902629905
7.578e-10,0.6644751121213491,0.6703450902629905
7.579e-10,0.6644751121213491,0.6703450902629905
7.58e-10,0.6644751121213491,0.6703450902629905
7.581e-10,0.6644751121213491,0.6703450902629905
7.582e-10,0.6644751121213491,0.6703450902629905
7.583e-10,0.6644751121213491,0.6703450902629905
7.584e-10,0.6644751121213491,0.6703450902629905
7.585e-10,0.6644751121213491,0.6703450902629905
7.586e-10,0.6644751121213491,0.6703450902629905
7.587e-10,0.6644751121213491,0.6703450902629905
7.588e-10,0.6644751121213491,0.6703450902629905
7.589e-10,0.6644751121213491,0.6703450902629905
7.59e-10,0.6644751121213491,0.6703450902629905
7.591e-10,0.6644751121213491,0.6703450902629905
7.592e-10,0.6644751121213491,0.6703450902629905
7.593e-10,0.6644751121213491,0.6703450902629905
7.594e-10,0.6644751121213491,0.6703450902629905
7.595e-10,0.6644751121213491,0.6703450902629905
7.596e-10,0.6644751121213491,0.6703450902629905
7.597e-10,0.6644751121213491,0.6703450902629905
7.598e-10,0.6644751121213491,0.6703450902629905
7.599e-10,0.6644751121213491,0.6703450902629905
7.6e-10,0.6644751121213491,0.6703450902629905
7.601e-10,0.6644751121213491,0.6703450902629905
7.602e-10,0.6644751121213491,0.6703450902629905
7.603e-10,0.6644751121213491,0.6703450902629905
7.604e-10,0.6644751121213491,0.6703450902629905
7.605e-10,0.6644751121213491,0.6703450902629905
7.606e-10,0.6644751121213491,0.6703450902629905
7.607e-10,0.6644751121213491,0.6703450902629905
7.608e-10,0.6644751121213491,0.6703450902629905
7.609e-10,0.6644751121213491,0.6703450902629905
7.61e-10,0.6644751121213491,0.6703450902629905
7.611e-10,0.6644751121213491,0.6703450902629905
7.612e-10,0.6644751121213491,0.6703450902629905
7.613e-10,0.6644751121213491,0.6703450902629905
7.614e-10,0.6644751121213491,0.6703450902629905
7.615e-10,0.6644751121213491,0.6703450902629905
7.616e-10,0.6644751121213491,0.6703450902629905
7.617e-10,0.6644751121213491,0.6703450902629905
7.618e-10,0.6644751121213491,0.6703450902629905
7.619e-10,0.6644751121213491,0.6703450902629905
7.62e-10,0.6644751121213491,0.6703450902629905
7.621e-10,0.6644751121213491,0.6703450902629905
7.622e-10,0.6644751121213491,0.6703450902629905
7.623e-10,0.6644751121213491,0.6703450902629905
7.624e-10,0.6644751121213491,0.6703450902629905
7.625e-10,0.6644751121213491,0.6703450902629905
7.626e-10,0.6644751121213491,0.6703450902629905
7.627e-10,0.6644751121213491,0.6703450902629905
7.628e-10,0.6644751121213491,0.6703450902629905
7.629e-10,0.6644751121213491,0.6703450902629905
7.63e-10,0.6644751121213491,0.6703450902629905
7.631e-10,0.6644751121213491,0.6703450902629905
7.632e-10,0.6644751121213491,0.6703450902629905
7.633e-10,0.6644751121213491,0.6703450902629905
7.634e-10,0.6644751121213491,0.6703450902629905
7.635e-10,0.6644751121213491,0.6703450902629905
7.636e-10,0.6644751121213491,0.6703450902629905
7.637e-10,0.6644751121213491,0.6703450902629905
7.638e-10,0.6644751121213491,0.6703450902629905
7.639e-10,0.6644751121213491,0.6703450902629905
7.64e-10,0.6644751121213491,0.6703450902629905
7.641e-10,0.6644751121213491,0.6703450902629905
7.642e-10,0.6644751121213491,0.6703450902629905
7.643e-10,0.6644751121213491,0.6703450902629905
7.644e-10,0.6644751121213491,0.6703450902629905
7.645e-10,0.6644751121213491,0.6703450902629905
7.646e-10,0.6644751121213491,0.6703450902629905
7.647e-10,0.6644751121213491,0.6703450902629905
7.648e-10,0.6644751121213491,0.6703450902629905
7.649e-10,0.6644751121213491,0.6703450902629905
7.65e-10,0.6644751121213491,0.6703450902629905
7.651e-10,0.6644751121213491,0.6703450902629905
7.652e-10,0.6644751121213491,0.6703450902629905
7.653e-10,0.6644751121213491,0.6703450902629905
7.654e-10,0.6644751121213491,0.6703450902629905
7.655e-10,0.6644751121213491,0.6703450902629905
7.656e-10,0.6644751121213491,0.6703450902629905
7.657e-10,0.6644751121213491,0.6703450902629905
7.658e-10,0.6644751121213491,0.6703450902629905
7.659e-10,0.6644751121213491,0.6703450902629905
7.66e-10,0.6644751121213491,0.6703450902629905
7.661e-10,0.6644751121213491,0.6703450902629905
7.662e-10,0.6644751121213491,0.6703450902629905
7.663e-10,0.6644751121213491,0.6703450902629905
7.664e-10,0.6644751121213491,0.6703450902629905
7.665e-10,0.6644751121213491,0.6703450902629905
7.666e-10,0.6644751121213491,0.6703450902629905
7.667e-10,0.6644751121213491,0.6703450902629905
7.668e-10,0.6644751121213491,0.6703450902629905
7.669e-10,0.6644751121213491,0.6703450902629905
7.67e-10,0.6644751121213491,0.6703450902629905
7.671e-10,0.6644751121213491,0.6703450902629905
7.672e-10,0.6644751121213491,0.6703450902629905
7.673e-10,0.6644751121213491,0.6703450902629905
7.674e-10,0.6644751121213491,0.6703450902629905
7.675e-10,0.6644751121213491,0.6703450902629905
7.676e-10,0.6644751121213491,0.6703450902629905
7.677e-10,0.6644751121213491,0.6703450902629905
7.678e-10,0.6644751121213491,0.6703450902629905
7.679e-10,0.6644751121213491,0.6703450902629905
7.68e-10,0.6644751121213491,0.6703450902629905
7.681e-10,0.6644751121213491,0.6703450902629905
7.682e-10,0.6644751121213491,0.6703450902629905
7.683e-10,0.6644751121213491,0.6703450902629905
7.684e-10,0.6644751121213491,0.6703450902629905
7.685e-10,0.6644751121213491,0.6703450902629905
7.686e-10,0.6644751121213491,0.6703450902629905
7.687e-10,0.6644751121213491,0.6703450902629905
7.688e-10,0.6644751121213491,0.6703450902629905
7.689e-10,0.6644751121213491,0.6703450902629905
7.69e-10,0.6644751121213491,0.6703450902629905
7.691e-10,0.6644751121213491,0.6703450902629905
7.692e-10,0.6644751121213491,0.6703450902629905
7.693e-10,0.6644751121213491,0.6703450902629905
7.694e-10,0.6644751121213491,0.6703450902629905
7.695e-10,0.6644751121213491,0.6703450902629905
7.696e-10,0.6644751121213491,0.6703450902629905
7.697e-10,0.6644751121213491,0.6703450902629905
7.698e-10,0.6644751121213491,0.6703450902629905
7.699e-10,0.6644751121213491,0.6703450902629905
7.7e-10,0.6644751121213491,0.6703450902629905
7.701e-10,0.6644751121213491,0.6703450902629905
7.702e-10,0.6644751121213491,0.6703450902629905
7.703e-10,0.6644751121213491,0.6703450902629905
7.704e-10,0.6644751121213491,0.6703450902629905
7.705e-10,0.6644751121213491,0.6703450902629905
7.706e-10,0.6644751121213491,0.6703450902629905
7.707e-10,0.6644751121213491,0.6703450902629905
7.708e-10,0.6644751121213491,0.6703450902629905
7.709e-10,0.6644751121213491,0.6703450902629905
7.71e-10,0.6644751121213491,0.6703450902629905
7.711e-10,0.6644751121213491,0.6703450902629905
7.712e-10,0.6644751121213491,0.6703450902629905
7.713e-10,0.6644751121213491,0.6703450902629905
7.714e-10,0.6644751121213491,0.6703450902629905
7.715e-10,0.6644751121213491,0.6703450902629905
7.716e-10,0.6644751121213491,0.6703450902629905
7.717e-10,0.6644751121213491,0.6703450902629905
7.718e-10,0.6644751121213491,0.6703450902629905
7.719e-10,0.6644751121213491,0.6703450902629905
7.72e-10,0.6644751121213491,0.6703450902629905
7.721e-10,0.6644751121213491,0.6703450902629905
7.722e-10,0.6644751121213491,0.6703450902629905
7.723e-10,0.6644751121213491,0.6703450902629905
7.724e-10,0.6644751121213491,0.6703450902629905
7.725e-10,0.6644751121213491,0.6703450902629905
7.726e-10,0.6644751121213491,0.6703450902629905
7.727e-10,0.6644751121213491,0.6703450902629905
7.728e-10,0.6644751121213491,0.6703450902629905
7.729e-10,0.6644751121213491,0.6703450902629905
7.73e-10,0.6644751121213491,0.6703450902629905
7.731e-10,0.6644751121213491,0.6703450902629905
7.732e-10,0.6644751121213491,0.6703450902629905
7.733e-10,0.6644751121213491,0.6703450902629905
7.734e-10,0.6644751121213491,0.6703450902629905
7.735e-10,0.6644751121213491,0.6703450902629905
7.736e-10,0.6644751121213491,0.6703450902629905
7.737e-10,0.6644751121213491,0.6703450902629905
7.738e-10,0.6644751121213491,0.6703450902629905
7.739e-10,0.6644751121213491,0.6703450902629905
7.74e-10,0.6644751121213491,0.6703450902629905
7.741e-10,0.6644751121213491,0.6703450902629905
7.742e-10,0.6644751121213491,0.6703450902629905
7.743e-10,0.6644751121213491,0.6703450902629905
7.744e-10,0.6644751121213491,0.6703450902629905
7.745e-10,0.6644751121213491,0.6703450902629905
7.746e-10,0.6644751121213491,0.6703450902629905
7.747e-10,0.6644751121213491,0.6703450902629905
7.748e-10,0.6644751121213491,0.6703450902629905
7.749e-10,0.6644751121213491,0.6703450902629905
7.75e-10,0.6644751121213491,0.6703450902629905
7.751e-10,0.6644751121213491,0.6703450902629905
7.752e-10,0.6644751121213491,0.6703450902629905
7.753e-10,0.6644751121213491,0.6703450902629905
7.754e-10,0.6644751121213491,0.6703450902629905
7.755e-10,0.6644751121213491,0.6703450902629905
7.756e-10,0.6644751121213491,0.6703450902629905
7.757e-10,0.6644751121213491,0.6703450902629905
7.758e-10,0.6644751121213491,0.6703450902629905
7.759e-10,0.6644751121213491,0.6703450902629905
7.76e-10,0.6644751121213491,0.6703450902629905
7.761e-10,0.6644751121213491,0.6703450902629905
7.762e-10,0.6644751121213491,0.6703450902629905
7.763e-10,0.6644751121213491,0.6703450902629905
7.764e-10,0.6644751121213491,0.6703450902629905
7.765e-10,0.6644751121213491,0.6703450902629905
7.766e-10,0.6644751121213491,0.6703450902629905
7.767e-10,0.6644751121213491,0.6703450902629905
7.768e-10,0.6644751121213491,0.6703450902629905
7.769e-10,0.6644751121213491,0.6703450902629905
7.77e-10,0.6644751121213491,0.6703450902629905
7.771e-10,0.6644751121213491,0.6703450902629905
7.772e-10,0.6644751121213491,0.6703450902629905
7.773e-10,0.6644751121213491,0.6703450902629905
7.774e-10,0.6644751121213491,0.6703450902629905
7.775e-10,0.6644751121213491,0.6703450902629905
7.776e-10,0.6644751121213491,0.6703450902629905
7.777e-10,0.6644751121213491,0.6703450902629905
7.778e-10,0.6644751121213491,0.6703450902629905
7.779e-10,0.6644751121213491,0.6703450902629905
7.78e-10,0.6644751121213491,0.6703450902629905
7.781e-10,0.6644751121213491,0.6703450902629905
7.782e-10,0.6644751121213491,0.6703450902629905
7.783e-10,0.6644751121213491,0.6703450902629905
7.784e-10,0.6644751121213491,0.6703450902629905
7.785e-10,0.6644751121213491,0.6703450902629905
7.786e-10,0.6644751121213491,0.6703450902629905
7.787e-10,0.6644751121213491,0.6703450902629905
7.788e-10,0.6644751121213491,0.6703450902629905
7.789e-10,0.6644751121213491,0.6703450902629905
7.79e-10,0.6644751121213491,0.6703450902629905
7.791e-10,0.6644751121213491,0.6703450902629905
7.792e-10,0.6644751121213491,0.6703450902629905
7.793e-10,0.6644751121213491,0.6703450902629905
7.794e-10,0.6644751121213491,0.6703450902629905
7.795e-10,0.6644751121213491,0.6703450902629905
7.796e-10,0.6644751121213491,0.6703450902629905
7.797e-10,0.6644751121213491,0.6703450902629905
7.798e-10,0.6644751121213491,0.6703450902629905
7.799e-10,0.6644751121213491,0.6703450902629905
7.8e-10,0.6644751121213491,0.6703450902629905
7.801e-10,0.6644751121213491,0.6703450902629905
7.802e-10,0.6644751121213491,0.6703450902629905
7.803e-10,0.6644751121213491,0.6703450902629905
7.804e-10,0.6644751121213491,0.6703450902629905
7.805e-10,0.6644751121213491,0.6703450902629905
7.806e-10,0.6644751121213491,0.6703450902629905
7.807e-10,0.6644751121213491,0.6703450902629905
7.808e-10,0.6644751121213491,0.6703450902629905
7.809e-10,0.6644751121213491,0.6703450902629905
7.81e-10,0.6644751121213491,0.6703450902629905
7.811e-10,0.6644751121213491,0.6703450902629905
7.812e-10,0.6644751121213491,0.6703450902629905
7.813e-10,0.6644751121213491,0.6703450902629905
7.814e-10,0.6644751121213491,0.6703450902629905
7.815e-10,0.6644751121213491,0.6703450902629905
7.816e-10,0.6644751121213491,0.6703450902629905
7.817e-10,0.6644751121213491,0.6703450902629905
7.818e-10,0.6644751121213491,0.6703450902629905
7.819e-10,0.6644751121213491,0.6703450902629905
7.82e-10,0.6644751121213491,0.6703450902629905
7.821e-10,0.6644751121213491,0.6703450902629905
7.822e-10,0.6644751121213491,0.6703450902629905
7.823e-10,0.6644751121213491,0.6703450902629905
7.824e-10,0.6644751121213491,0.6703450902629905
7.825e-10,0.6644751121213491,0.6703450902629905
7.826e-10,0.6644751121213491,0.6703450902629905
7.827e-10,0.6644751121213491,0.6703450902629905
7.828e-10,0.6644751121213491,0.6703450902629905
7.829e-10,0.6644751121213491,0.6703450902629905
7.83e-10,0.6644751121213491,0.6703450902629905
7.831e-10,0.6644751121213491,0.6703450902629905
7.832e-10,0.6644751121213491,0.6703450902629905
7.833e-10,0.6644751121213491,0.6703450902629905
7.834e-10,0.6644751121213491,0.6703450902629905
7.835e-10,0.6644751121213491,0.6703450902629905
7.836e-10,0.6644751121213491,0.6703450902629905
7.837e-10,0.6644751121213491,0.6703450902629905
7.838e-10,0.6644751121213491,0.6703450902629905
7.839e-10,0.6644751121213491,0.6703450902629905
7.84e-10,0.6644751121213491,0.6703450902629905
7.841e-10,0.6644751121213491,0.6703450902629905
7.842e-10,0.6644751121213491,0.6703450902629905
7.843e-10,0.6644751121213491,0.6703450902629905
7.844e-10,0.6644751121213491,0.6703450902629905
7.845e-10,0.6644751121213491,0.6703450902629905
7.846e-10,0.6644751121213491,0.6703450902629905
7.847e-10,0.6644751121213491,0.6703450902629905
7.848e-10,0.6644751121213491,0.6703450902629905
7.849e-10,0.6644751121213491,0.6703450902629905
7.85e-10,0.6644751121213491,0.6703450902629905
7.851e-10,0.6644751121213491,0.6703450902629905
7.852e-10,0.6644751121213491,0.6703450902629905
7.853e-10,0.6644751121213491,0.6703450902629905
7.854e-10,0.6644751121213491,0.6703450902629905
7.855e-10,0.6644751121213491,0.6703450902629905
7.856e-10,0.6644751121213491,0.6703450902629905
7.857e-10,0.6644751121213491,0.6703450902629905
7.858e-10,0.6644751121213491,0.6703450902629905
7.859e-10,0.6644751121213491,0.6703450902629905
7.86e-10,0.6644751121213491,0.6703450902629905
7.861e-10,0.6644751121213491,0.6703450902629905
7.862e-10,0.6644751121213491,0.6703450902629905
7.863e-10,0.6644751121213491,0.6703450902629905
7.864e-10,0.6644751121213491,0.6703450902629905
7.865e-10,0.6644751121213491,0.6703450902629905
7.866e-10,0.6644751121213491,0.6703450902629905
7.867e-10,0.6644751121213491,0.6703450902629905
7.868e-10,0.6644751121213491,0.6703450902629905
7.869e-10,0.6644751121213491,0.6703450902629905
7.87e-10,0.6644751121213491,0.6703450902629905
7.871e-10,0.6644751121213491,0.6703450902629905
7.872e-10,0.6644751121213491,0.6703450902629905
7.873e-10,0.6644751121213491,0.6703450902629905
7.874e-10,0.6644751121213491,0.6703450902629905
7.875e-10,0.6644751121213491,0.6703450902629905
7.876e-10,0.6644751121213491,0.6703450902629905
7.877e-10,0.6644751121213491,0.6703450902629905
7.878e-10,0.6644751121213491,0.6703450902629905
7.879e-10,0.6644751121213491,0.6703450902629905
7.88e-10,0.6644751121213491,0.6703450902629905
7.881e-10,0.6644751121213491,0.6703450902629905
7.882e-10,0.6644751121213491,0.6703450902629905
7.883e-10,0.6644751121213491,0.6703450902629905
7.884e-10,0.6644751121213491,0.6703450902629905
7.885e-10,0.6644751121213491,0.6703450902629905
7.886e-10,0.6644751121213491,0.6703450902629905
7.887e-10,0.6644751121213491,0.6703450902629905
7.888e-10,0.6644751121213491,0.6703450902629905
7.889e-10,0.6644751121213491,0.6703450902629905
7.89e-10,0.6644751121213491,0.6703450902629905
7.891e-10,0.6644751121213491,0.6703450902629905
7.892e-10,0.6644751121213491,0.6703450902629905
7.893e-10,0.6644751121213491,0.6703450902629905
7.894e-10,0.6644751121213491,0.6703450902629905
7.895e-10,0.6644751121213491,0.6703450902629905
7.896e-10,0.6644751121213491,0.6703450902629905
7.897e-10,0.6644751121213491,0.6703450902629905
7.898e-10,0.6644751121213491,0.6703450902629905
7.899e-10,0.6644751121213491,0.6703450902629905
7.9e-10,0.6644751121213491,0.6703450902629905
7.901e-10,0.6644751121213491,0.6703450902629905
7.902e-10,0.6644751121213491,0.6703450902629905
7.903e-10,0.6644751121213491,0.6703450902629905
7.904e-10,0.6644751121213491,0.6703450902629905
7.905e-10,0.6644751121213491,0.6703450902629905
7.906e-10,0.6644751121213491,0.6703450902629905
7.907e-10,0.6644751121213491,0.6703450902629905
7.908e-10,0.6644751121213491,0.6703450902629905
7.909e-10,0.6644751121213491,0.6703450902629905
7.91e-10,0.6644751121213491,0.6703450902629905
7.911e-10,0.6644751121213491,0.6703450902629905
7.912e-10,0.6644751121213491,0.6703450902629905
7.913e-10,0.6644751121213491,0.6703450902629905
7.914e-10,0.6644751121213491,0.6703450902629905
7.915e-10,0.6644751121213491,0.6703450902629905
7.916e-10,0.6644751121213491,0.6703450902629905
7.917e-10,0.6644751121213491,0.6703450902629905
7.918e-10,0.6644751121213491,0.6703450902629905
7.919e-10,0.6644751121213491,0.6703450902629905
7.92e-10,0.6644751121213491,0.6703450902629905
7.921e-10,0.6644751121213491,0.6703450902629905
7.922e-10,0.6644751121213491,0.6703450902629905
7.923e-10,0.6644751121213491,0.6703450902629905
7.924e-10,0.6644751121213491,0.6703450902629905
7.925e-10,0.6644751121213491,0.6703450902629905
7.926e-10,0.6644751121213491,0.6703450902629905
7.927e-10,0.6644751121213491,0.6703450902629905
7.928e-10,0.6644751121213491,0.6703450902629905
7.929e-10,0.6644751121213491,0.6703450902629905
7.93e-10,0.6644751121213491,0.6703450902629905
7.931e-10,0.6644751121213491,0.6703450902629905
7.932e-10,0.6644751121213491,0.6703450902629905
7.933e-10,0.6644751121213491,0.6703450902629905
7.934e-10,0.6644751121213491,0.6703450902629905
7.935e-10,0.6644751121213491,0.6703450902629905
7.936e-10,0.6644751121213491,0.6703450902629905
7.937e-10,0.6644751121213491,0.6703450902629905
7.938e-10,0.6644751121213491,0.6703450902629905
7.939e-10,0.6644751121213491,0.6703450902629905
7.94e-10,0.6644751121213491,0.6703450902629905
7.941e-10,0.6644751121213491,0.6703450902629905
7.942e-10,0.6644751121213491,0.6703450902629905
7.943e-10,0.6644751121213491,0.6703450902629905
7.944e-10,0.6644751121213491,0.6703450902629905
7.945e-10,0.6644751121213491,0.6703450902629905
7.946e-10,0.6644751121213491,0.6703450902629905
7.947e-10,0.6644751121213491,0.6703450902629905
7.948e-10,0.6644751121213491,0.6703450902629905
7.949e-10,0.6644751121213491,0.6703450902629905
7.95e-10,0.6644751121213491,0.6703450902629905
7.951e-10,0.6644751121213491,0.6703450902629905
7.952e-10,0.6644751121213491,0.6703450902629905
7.953e-10,0.6644751121213491,0.6703450902629905
7.954e-10,0.6644751121213491,0.6703450902629905
7.955e-10,0.6644751121213491,0.6703450902629905
7.956e-10,0.6644751121213491,0.6703450902629905
7.957e-10,0.6644751121213491,0.6703450902629905
7.958e-10,0.6644751121213491,0.6703450902629905
7.959e-10,0.6644751121213491,0.6703450902629905
7.96e-10,0.6644751121213491,0.6703450902629905
7.961e-10,0.6644751121213491,0.6703450902629905
7.962e-10,0.6644751121213491,0.6703450902629905
7.963e-10,0.6644751121213491,0.6703450902629905
7.964e-10,0.6644751121213491,0.6703450902629905
7.965e-10,0.6644751121213491,0.6703450902629905
7.966e-10,0.6644751121213491,0.6703450902629905
7.967e-10,0.6644751121213491,0.6703450902629905
7.968e-10,0.6644751121213491,0.6703450902629905
7.969e-10,0.6644751121213491,0.6703450902629905
7.97e-10,0.6644751121213491,0.6703450902629905
7.971e-10,0.6644751121213491,0.6703450902629905
7.972e-10,0.6644751121213491,0.6703450902629905
7.973e-10,0.6644751121213491,0.6703450902629905
7.974e-10,0.6644751121213491,0.6703450902629905
7.975e-10,0.6644751121213491,0.6703450902629905
7.976e-10,0.6644751121213491,0.6703450902629905
7.977e-10,0.6644751121213491,0.6703450902629905
7.978e-10,0.6644751121213491,0.6703450902629905
7.979e-10,0.6644751121213491,0.6703450902629905
7.98e-10,0.6644751121213491,0.6703450902629905
7.981e-10,0.6644751121213491,0.6703450902629905
7.982e-10,0.6644751121213491,0.6703450902629905
7.983e-10,0.6644751121213491,0.6703450902629905
7.984e-10,0.6644751121213491,0.6703450902629905
7.985e-10,0.6644751121213491,0.6703450902629905
7.986e-10,0.6644751121213491,0.6703450902629905
7.987e-10,0.6644751121213491,0.6703450902629905
7.988e-10,0.6644751121213491,0.6703450902629905
7.989e-10,0.6644751121213491,0.6703450902629905
7.99e-10,0.6644751121213491,0.6703450902629905
7.991e-10,0.6644751121213491,0.6703450902629905
7.992e-10,0.6644751121213491,0.6703450902629905
7.993e-10,0.6644751121213491,0.6703450902629905
7.994e-10,0.6644751121213491,0.6703450902629905
7.995e-10,0.6644751121213491,0.6703450902629905
7.996e-10,0.6644751121213491,0.6703450902629905
7.997e-10,0.6644751121213491,0.6703450902629905
7.998e-10,0.6644751121213491,0.6703450902629905
7.999e-10,0.6644751121213491,0.6703450902629905
8e-10,0.6644751121213491,0.6703450902629905
8.001e-10,0.6644751121213491,0.6703450902629905
8.002e-10,0.6644751121213491,0.6703450902629905
8.003e-10,0.6644751121213491,0.6703450902629905
8.004e-10,0.6644751121213491,0.6703450902629905
8.005e-10,0.6644751121213491,0.6703450902629905
8.006e-10,0.6644751121213491,0.6703450902629905
8.007e-10,0.6644751121213491,0.6703450902629905
8.008e-10,0.6644751121213491,0.6703450902629905
8.009e-10,0.6644751121213491,0.6703450902629905
8.01e-10,0.6644751121213491,0.6703450902629905
8.011e-10,0.6645959486913781,0.6703392618153386
8.012e-10,0.6647085433953254,0.6703299318564044
8.013e-10,0.6648136420652431,0.6703177253769185
8.014e-10,0.6649118768801376,0.6703031217775446
8.015e-10,0.6650038334666609,0.6702865211590407
8.016e-10,0.6650900059440051,0.6702682515808416
8.017e-10,0.6651708404050889,0.6702485921675376
8.018e-10,0.6652467432800026,0.6702277842042028
8.019e-10,0.6653180869495671,0.6702060383307
8.02e-10,0.6653852137810026,0.6701835395004991
8.021e-10,0.6654484392277379,0.670160450618263
8.022e-10,0.6655080543476279,0.6701369153627919
8.023e-10,0.6655643279375619,0.6701130604799898
8.024e-10,0.6656175083973732,0.6700889977093055
8.025e-10,0.6656678253894633,0.6700648254405186
8.026e-10,0.6657154913349544,0.6700406301608209
8.027e-10,0.6657607027729244,0.6700164877313735
8.028e-10,0.6658036416011823,0.6699924645205496
8.029e-10,0.6658443442691577,0.6699685078353105
8.03e-10,0.6658829586787707,0.669944664304806
8.031e-10,0.6659196438608381,0.669920992446214
8.032e-10,0.6659545465957366,0.6698975426897227
8.033e-10,0.6659878025278155,0.669874358461471
8.034e-10,0.6660195371079418,0.6698514770449556
8.035e-10,0.6660498664167518,0.6698289302951154
8.036e-10,0.6660788978989696,0.6698067452477879
8.037e-10,0.6661067310271724,0.6697849446501364
8.038e-10,0.6661334579067554,0.6697635474281615
8.039e-10,0.66615916383012,0.6697425691020614
8.04e-10,0.666183927785962,0.6697425691020614
8.041e-10,0.6662078229281956,0.6697218502680378
8.042e-10,0.6662309170087882,0.6697218502680378
8.043e-10,0.6662533429944112,0.6697014546087079
8.044e-10,0.6662752069878137,0.6697014546087079
8.045e-10,0.6662965140379649,0.6696813901584644
8.046e-10,0.6663173344488829,0.6696813901584644
8.047e-10,0.6663376741140996,0.6696616891592776
8.048e-10,0.6663575927672453,0.6696616891592776
8.049e-10,0.6663771196368449,0.6696424333638803
8.05e-10,0.6663962434053239,0.6696424333638803
8.051e-10,0.6664150293949687,0.669623599116834
8.052e-10,0.666433501459989,0.669623599116834
8.053e-10,0.6664516819151353,0.6696052687837625
8.054e-10,0.6664695916415643,0.6696052687837625
8.055e-10,0.6664872501853185,0.6695874597809766
8.056e-10,0.6665046758489808,0.6695874597809766
8.057e-10,0.6665218456210216,0.6695701227552264
8.058e-10,0.6665386762568838,0.6695701227552264
8.059e-10,0.6665551852848177,0.6695529321579307
8.06e-10,0.666571119779876,0.6695529321579307
8.061e-10,0.6665867727797397,0.6695355892270157
8.062e-10,0.6666021474637986,0.6695355892270157
8.063e-10,0.6666173089665413,0.6695185984075422
8.064e-10,0.6666173089665413,0.6695185984075422
8.065e-10,0.6666319377327017,0.6695185984075422
8.066e-10,0.6666319377327017,0.6695020865893503
8.067e-10,0.6666460784753167,0.6695020865893503
8.068e-10,0.6666460784753167,0.6695020865893503
8.069e-10,0.6666597754443165,0.6694861724702502
8.07e-10,0.6666597754443165,0.6694861724702502
8.071e-10,0.6666730687025995,0.6694861724702502
8.072e-10,0.6666730687025995,0.6694707177219479
8.073e-10,0.666686146192482,0.6694707177219479
8.074e-10,0.666686146192482,0.6694707177219479
8.075e-10,0.6666989798891185,0.6694556146505855
8.076e-10,0.6666989798891185,0.6694556146505855
8.077e-10,0.6667115338744862,0.6694556146505855
8.078e-10,0.6667115338744862,0.6694412073565352
8.079e-10,0.6667237721353082,0.6694412073565352
8.08e-10,0.6667237721353082,0.6694412073565352
8.081e-10,0.6667356602826005,0.6694277039600106
8.082e-10,0.6667356602826005,0.6694277039600106
8.083e-10,0.6667471657875199,0.6694149938755218
8.084e-10,0.6667471657875199,0.6694149938755218
8.085e-10,0.6667582579909882,0.6694030798587882
8.086e-10,0.6667582579909882,0.6694030798587882
8.087e-10,0.6667582579909882,0.6693911913294006
8.088e-10,0.6667676454247518,0.6693911913294006
8.089e-10,0.6667676454247518,0.6693911913294006
8.09e-10,0.6667676454247518,0.6693792945692231
8.091e-10,0.6667676454247518,0.6693792945692231
8.092e-10,0.6667676454247518,0.6693792945692231
8.093e-10,0.6667676454247518,0.6693675154726889
8.094e-10,0.6667676454247518,0.6693675154726889
8.095e-10,0.6667676454247518,0.6693675154726889
8.096e-10,0.6667676454247518,0.6693675154726889
8.097e-10,0.6667676454247518,0.6693675154726889
8.098e-10,0.6667681870370368,0.6693675154726889
8.099e-10,0.6667681870370368,0.6693675154726889
8.1e-10,0.6667671702623527,0.6693675154726889
8.101e-10,0.6667671702623527,0.6693675154726889
8.102e-10,0.6667645322112721,0.6693493459393077
8.103e-10,0.6667612932068223,0.669329156954217
8.104e-10,0.6667573858990539,0.6693070306367996
8.105e-10,0.666752751558745,0.6692830544526452
8.106e-10,0.6667473400973405,0.6692573202710885
8.107e-10,0.66673565332585,0.6692299230177031
8.108e-10,0.666714835091014,0.6692009592106378
8.109e-10,0.6666854540897111,0.6691705255454892
8.11e-10,0.6666480688371176,0.6691387176256839
8.111e-10,0.6666032255908502,0.6691056288935188
8.112e-10,0.6665514565945906,0.6690713497908042
8.113e-10,0.6664932786000722,0.6690359671604509
8.114e-10,0.666429138937409,0.668999487272056
8.115e-10,0.666359191815944,0.6689615440844132
8.116e-10,0.6662836783903839,0.6689222439619619
8.117e-10,0.6662028657097868,0.6688816932234984
8.118e-10,0.6661170446154785,0.6688400005402347
8.119e-10,0.6660265270410155,0.6687925107870194
8.12e-10,0.6659316436069234,0.6687395167957535
8.121e-10,0.6658327397611636,0.6686816610067933
8.122e-10,0.6657301735935738,0.6686195155441581
8.123e-10,0.6656167526620057,0.6685532413662189
8.124e-10,0.6654884653662637,0.6684832269028084
8.125e-10,0.6653475833863541,0.6684100200776432
8.126e-10,0.6651960433287081,0.6683341165521888
8.127e-10,0.6650355057166562,0.6682559356467568
8.128e-10,0.6648674028819891,0.6681758670545218
8.129e-10,0.6646930968019481,0.6680938947472893
8.13e-10,0.664513165361172,0.6680102656031964
8.131e-10,0.6643280795885248,0.6679252911627565
8.132e-10,0.6641383333334661,0.667839295219142
8.133e-10,0.6639444382249132,0.667751099579785
8.134e-10,0.66374691946541,0.6676561824396385
8.135e-10,0.6635463124105552,0.6675556424625346
8.136e-10,0.6633431572243335,0.6674504606766609
8.137e-10,0.6631379975258526,0.6673415254668286
8.138e-10,0.6629313781642019,0.6672296500020676
8.139e-10,0.6627203896944961,0.667115587625792
8.14e-10,0.662499669139136,0.667000045424539
8.141e-10,0.6622630809805642,0.6668836962035456
8.142e-10,0.6620128548445899,0.6667671890977105
8.143e-10,0.6617507175657578,0.6666507617828081
8.144e-10,0.6614778110443812,0.6665336222151063
8.145e-10,0.6611949812936295,0.6664158303654417
8.146e-10,0.660903004280299,0.6662966826189012
8.147e-10,0.660602600449168,0.6661697690314756
8.148e-10,0.6602944470397739,0.6660370847873347
8.149e-10,0.6599803608716309,0.6659002882101566
8.15e-10,0.6596614050217791,0.6657608058113971
8.151e-10,0.6593391825561254,0.6656179287278673
8.152e-10,0.6590146016529213,0.665470449073578
8.153e-10,0.6586883675290989,0.6653199908874026
8.154e-10,0.6583611502250193,0.6651679827462921
8.155e-10,0.6580335883131198,0.6650157213227975
8.156e-10,0.6577023712548737,0.6648662004792236
8.157e-10,0.6573566966006644,0.6647203545838084
8.158e-10,0.6569995306285787,0.664570280952064
8.159e-10,0.6566329517062316,0.6644179553657555
8.16e-10,0.6562586204790721,0.6642651920699117
8.161e-10,0.6558778920160703,0.6641135351680802
8.162e-10,0.6554936904516586,0.6639643337004643
8.163e-10,0.6551109270835098,0.6638187995776204
8.164e-10,0.6547320763275091,0.6636767703293935
8.165e-10,0.6543582708532388,0.663537179418702
8.166e-10,0.6539902404532534,0.6634005498271369
8.167e-10,0.6536286557388505,0.6632683423658953
8.168e-10,0.6532678206610089,0.663140043320574
8.169e-10,0.6529071097046978,0.6630095954237197
8.17e-10,0.6525472431148567,0.6628803903851455
8.171e-10,0.6521889771994329,0.6627550174599579
8.172e-10,0.6518284389024772,0.6626349242179119
8.173e-10,0.6514746363329774,0.662522295020555
8.174e-10,0.6511324693660058,0.6624207111235135
8.175e-10,0.650801975412867,0.6623321281531422
8.176e-10,0.6504832258480332,0.6622579460321052
8.177e-10,0.6501771567839912,0.6621992942832086
8.178e-10,0.6499008264370152,0.6621571312478323
8.179e-10,0.6496580321621103,0.6621323145042132
8.18e-10,0.6494481201048885,0.6621256512480727
8.181e-10,0.6492731327701944,0.6621283749126402
8.182e-10,0.6491328786172738,0.6621412585713624
8.183e-10,0.6490205229686647,0.6621651827248994
8.184e-10,0.6489301911254807,0.6622026647547185
8.185e-10,0.6488595587960031,0.6622553287424006
8.186e-10,0.6488038493426396,0.6623237491142062
8.187e-10,0.6487777740770735,0.6624091042454922
8.188e-10,0.6488223746915022,0.662511278481435
8.189e-10,0.6489287858323577,0.6626311786221856
8.19e-10,0.6490866668980854,0.6627698106736786
8.191e-10,0.6492880485621179,0.662927813507135
8.192e-10,0.6495266741602658,0.6631058576578753
8.193e-10,0.6498039772129117,0.6633056801775299
8.194e-10,0.650116879823215,0.6635314076919414
8.195e-10,0.6504670678441523,0.6637929567530555
8.196e-10,0.6508491759596838,0.6640882369270896
8.197e-10,0.6512590761373106,0.6644155653386306
8.198e-10,0.6516933624386912,0.6647736793678245
8.199e-10,0.6521416216673969,0.6651616061216308
8.2e-10,0.6526079864321779,0.6655755301059949
8.201e-10,0.6530948265636695,0.6660101954079231
8.202e-10,0.6536001309021061,0.6664646450797753
8.203e-10,0.6541209549887107,0.6669374021882882
8.204e-10,0.6546542406204431,0.6674261980692757
8.205e-10,0.6551970326309282,0.667929713156046
8.206e-10,0.6557502049183533,0.668451160305937
8.207e-10,0.6563217735384903,0.6690015245071059
8.208e-10,0.6569053959823256,0.6695749120090697
8.209e-10,0.6575001679185845,0.6701668964489711
8.21e-10,0.658108605581355,0.6707741616218336
8.211e-10,0.658658777882046,0.6713142731668948
8.212e-10,0.6592184979232655,0.6718769928302453
8.213e-10,0.6597837252738985,0.6724608213059639
8.214e-10,0.6603504198263438,0.6730611964448074
8.215e-10,0.660915941291372,0.6736742631975484
8.216e-10,0.6614812417177164,0.674291713602983
8.217e-10,0.6620447134957888,0.6749061209336462
8.218e-10,0.6626036581406757,0.6755142218906539
8.219e-10,0.6631570196502793,0.6761152366582961
8.22e-10,0.6637030598826124,0.6767067993593638
8.221e-10,0.6642407723853422,0.6772880178747575
8.222e-10,0.6647660742061422,0.6778547063414946
8.223e-10,0.6652758160513775,0.6784046335025877
8.224e-10,0.6657799799377065,0.6789235766256692
8.225e-10,0.666279589945754,0.6794153339991551
8.226e-10,0.6667738866040067,0.6798815401856384
8.227e-10,0.6672630247462837,0.6803252372652621
8.228e-10,0.6677462942253087,0.680736884411527
8.229e-10,0.668223938906265,0.681115863217816
8.23e-10,0.668694998615634,0.6814412021940185
8.231e-10,0.6691579276987972,0.6816589389859273
8.232e-10,0.669610163336831,0.681770143153194
8.233e-10,0.6700511622352812,0.6817809869989814
8.234e-10,0.6704752910700348,0.6816901304729027
8.235e-10,0.6708838568613353,0.6815074419020983
8.236e-10,0.6712787178914594,0.6812155227462947
8.237e-10,0.6716621432158277,0.6807770510321166
8.238e-10,0.6720331619884463,0.6802038429255729
8.239e-10,0.6723934928621275,0.6795132033171953
8.24e-10,0.6727429090485262,0.6787169587831281
8.241e-10,0.6730811534693093,0.6778241094052868
8.242e-10,0.6734080248479858,0.6767566107865243
8.243e-10,0.6737226019870508,0.6754610850977181
8.244e-10,0.6740244796963195,0.6739709776764153
8.245e-10,0.6743142403738418,0.672315873727623
8.246e-10,0.6745924063927868,0.6705189213712011
8.247e-10,0.6748594484650238,0.6685973487388179
8.248e-10,0.6751125528701307,0.6665337733858627
8.249e-10,0.6753496289286812,0.664321521124494
8.25e-10,0.6755708127649354,0.6619710682865478
8.251e-10,0.6757767295282512,0.6594928265922804
8.252e-10,0.6759665794998473,0.6568925015811095
8.253e-10,0.6761411626684514,0.6541782747519702
8.254e-10,0.6763023558669253,0.6513409864703036
8.255e-10,0.6764546080216205,0.64833760407059
8.256e-10,0.6765989172641512,0.6451872604350578
8.257e-10,0.6767353116710513,0.641902183005637
8.258e-10,0.6768638247924672,0.6384918961690318
8.259e-10,0.6769845002386156,0.6349641975709471
8.26e-10,0.677097428790912,0.6312916163712373
8.261e-10,0.6772027420337473,0.6274857899147129
8.262e-10,0.6772954438259388,0.6235175774506404
8.263e-10,0.6773756568051503,0.6194022714286308
8.264e-10,0.6774432761167828,0.6151579551108495
8.265e-10,0.6774991398213773,0.6108000619080897
8.266e-10,0.6775433795118667,0.6063399653574953
8.267e-10,0.6775764794447976,0.6017701082790338
8.268e-10,0.677599130796808,0.5970978493692578
8.269e-10,0.677612024745771,0.592333116662083
8.27e-10,0.677616124473447,0.5874779653009401
8.271e-10,0.6776133213289238,0.5825145779571023
8.272e-10,0.6776039969361819,0.5774537250865734
8.273e-10,0.677588487516684,0.5723039663998808
8.274e-10,0.6775670227576355,0.5670721648590361
8.275e-10,0.6775399074221817,0.5617644579510294
8.276e-10,0.677507422536394,0.5563863115041183
8.277e-10,0.6774692311210542,0.55094292878093
8.278e-10,0.6774257385155132,0.5454396448486484
8.279e-10,0.6773773365980855,0.5398814092917357
8.28e-10,0.6773242570690593,0.5342723941822064
8.281e-10,0.6772666599314271,0.5286163938724164
8.282e-10,0.6772035938328325,0.5229015162934322
8.283e-10,0.6771352297407186,0.5171292644323413
8.284e-10,0.6770620968410339,0.5113062633629875
8.285e-10,0.6769846481297623,0.505437887804748
8.286e-10,0.6769033052521365,0.4995209585102221
8.287e-10,0.6768182280703227,0.49355797427249437
8.288e-10,0.676729290521107,0.4875532146052136
8.289e-10,0.6766369758910535,0.4815104431747663
8.29e-10,0.6765417251252911,0.4754330723646502
8.291e-10,0.6764439345945595,0.469324232781473
8.292e-10,0.6763439617271791,0.46318683871464084
8.293e-10,0.6762421297699226,0.4570236321715726
8.294e-10,0.6761387138741547,0.45083947607931085
8.295e-10,0.6760338684105774,0.444639556655722
8.296e-10,0.6759278354980565,0.4384270239324184
8.297e-10,0.6758208369364492,0.4322046917337715
8.298e-10,0.6757130760468455,0.42597512217104394
8.299e-10,0.6756046955844809,0.41973878052301955
8.3e-10,0.6754952062202686,0.4134698479874483
8.301e-10,0.6753848332033661,0.4071782236487332
8.302e-10,0.6752737869510915,0.4008669919135956
8.303e-10,0.6751622615537974,0.39453668309640527
8.304e-10,0.6750504367257895,0.38819248784787996
8.305e-10,0.6749384346395109,0.38183838868246395
8.306e-10,0.674826416764051,0.37547783400001805
8.307e-10,0.6747145321168219,0.36911375293225124
8.308e-10,0.674602918142814,0.3627487087732234
8.309e-10,0.6744918794509561,0.3563853790308954
8.31e-10,0.6743815309618432,0.3500341961329382
8.311e-10,0.6742719484294503,0.3437017569467556
8.312e-10,0.6741632018010779,0.33738731200390276
8.313e-10,0.6740553554726422,0.33109103427632236
8.314e-10,0.6739484689172215,0.3248136724969317
8.315e-10,0.6738425969313896,0.31855632807058626
8.316e-10,0.6737377898718012,0.3123203121470774
8.317e-10,0.6736340938810702,0.3061070540166078
8.318e-10,0.6735315511027927,0.29992737871614616
8.319e-10,0.673430199344207,0.29378928848115554
8.32e-10,0.6733300730914182,0.28769527008716067
8.321e-10,0.6732312037737134,0.2816470400473291
8.322e-10,0.6731336195647918,0.2756457890924067
8.323e-10,0.6730373767541651,0.26969240874925676
8.324e-10,0.6729425091414186,0.263787460921782
8.325e-10,0.6728490214482731,0.2579312588016671
8.326e-10,0.6727569174923854,0.2521198952400068
8.327e-10,0.6726661996886553,0.24634602180207352
8.328e-10,0.6725768691798694,0.24060837738016377
8.329e-10,0.6724889271938447,0.23490671924391804
8.33e-10,0.6724023741365129,0.22924162315778818
8.331e-10,0.672317209588615,0.22361407454367777
8.332e-10,0.6722334323138195,0.21802524269279072
8.333e-10,0.6721510402600327,0.21247640262312747
8.334e-10,0.6720700305723548,0.2069688828982453
8.335e-10,0.6719903996084245,0.20154565918622877
8.336e-10,0.6719121426278603,0.19623513634459133
8.337e-10,0.6718352960630635,0.19102884315326937
8.338e-10,0.6717599519627753,0.1859207790144629
8.339e-10,0.6716860872430129,0.18090622450688695
8.34e-10,0.6716136794381162,0.17598155074540908
8.341e-10,0.6715427066351147,0.1711438611644036
8.342e-10,0.671473147417003,0.16639075519680283
8.343e-10,0.6714049808129223,0.16172017210132905
8.344e-10,0.6713381862539327,0.1571302875150693
8.345e-10,0.6712727435334627,0.15263822581644218
8.346e-10,0.6712086335544082,0.1482493037749824
8.347e-10,0.6711458368018537,0.1439565727341973
8.348e-10,0.6710843334976979,0.13975513459379985
8.349e-10,0.6710241042050896,0.13561183968210397
8.35e-10,0.6709651308122349,0.13152769471013523
8.351e-10,0.6709073947503073,0.12750979452233244
8.352e-10,0.6708508871609726,0.12356169786607045
8.353e-10,0.6707955873634962,0.1196848862976914
8.354e-10,0.6707414750755006,0.11587967216549297
8.355e-10,0.6706885303868252,0.11214570566505477
8.356e-10,0.6706367337336766,0.10848226846142843
8.357e-10,0.6705860658739407,0.10491192617837068
8.358e-10,0.6705365089231801,0.10146097617935843
8.359e-10,0.6704880453323384,0.0981180182367237
8.36e-10,0.6704406561178097,0.09487546432891224
8.361e-10,0.6703943226365655,0.09172790810857938
8.362e-10,0.6703490265535544,0.08867120104531355
8.363e-10,0.6703047498144217,0.08570193033788133
8.364e-10,0.6702614746225465,0.08281712394863772
8.365e-10,0.6702191834195873,0.08001408404723549
8.366e-10,0.6701778888156033,0.07729035586774788
8.367e-10,0.6701375830944667,0.0746435609060645
8.368e-10,0.6700982457856245,0.0720713913360146
8.369e-10,0.6700598567886217,0.06957162340559084
8.37e-10,0.6700223963595384,0.06714210619575142
8.371e-10,0.6699858450987551,0.0647807550129905
8.372e-10,0.6699501839399197,0.06248554734105116
8.373e-10,0.6699153941400072,0.06025452018786891
8.374e-10,0.6698814682204004,0.058086024508754726
8.375e-10,0.6698483903321693,0.05601659517194095
8.376e-10,0.669816141705845,0.054036444957918164
8.377e-10,0.6697847041230585,0.052134768540101524
8.378e-10,0.6697847041230585,0.05030463343727167
8.379e-10,0.6697539234670563,0.04854127910422321
8.38e-10,0.6697539234670563,0.04684113787365164
8.381e-10,0.6697237465949095,0.04520134292999194
8.382e-10,0.6697237465949095,0.043619499251952715
8.383e-10,0.6696941638672206,0.04209346403035187
8.384e-10,0.6696941638672206,0.04062125861493114
8.385e-10,0.669665187624684,0.039201018944515886
8.386e-10,0.669665187624684,0.03783096792261573
8.387e-10,0.6696368268297512,0.03650939927555752
8.388e-10,0.6696368268297512,0.035234668347350825
8.389e-10,0.6696090874494944,0.03400518617121452
8.39e-10,0.6696090874494944,0.032819415877479476
8.391e-10,0.6695819728031875,0.031675869910561066
8.392e-10,0.6695819728031875,0.030573108160677914
8.393e-10,0.6695554838768025,0.029509736179513992
8.394e-10,0.6695554838768025,0.028484416097526923
8.395e-10,0.6695296650317542,0.027495912019140138
8.396e-10,0.6695296650317542,0.026542944302710342
8.397e-10,0.6695045370261371,0.02562427711468921
8.398e-10,0.6695045370261371,0.02473871613351437
8.399e-10,0.6694800826280091,0.023885106636742183
8.4e-10,0.6694800826280091,0.023062332114225474
8.401e-10,0.669456284950947,0.022269312882641338
8.402e-10,0.669456284950947,0.02150500500079322
8.403e-10,0.6694331274518575,0.020768399078564002
8.404e-10,0.6694331274518575,0.020058519312593268
8.405e-10,0.6694105939284704,0.019374422389384405
8.406e-10,0.6694105939284704,0.018715196586538425
8.407e-10,0.6694105939284704,0.018079960739070644
8.408e-10,0.669388638187915,0.0174678633721872
8.409e-10,0.669388638187915,0.016878312218379377
8.41e-10,0.669388638187915,0.016311770081775666
8.411e-10,0.669388638187915,0.015766941336010552
8.412e-10,0.669388638187915,0.01524261975911121
8.413e-10,0.669388638187915,0.014737825695073384
8.414e-10,0.669388638187915,0.014251717893768922
8.415e-10,0.669388638187915,0.013783543384115932
8.416e-10,0.669388638187915,0.013332608835800954
8.417e-10,0.669388638187915,0.012898264066060537
8.418e-10,0.669388638187915,0.012479892414664927
8.419e-10,0.669388638187915,0.012076905006643032
8.42e-10,0.669388638187915,0.011688737219125452
8.421e-10,0.669388638187915,0.011314846401123221
8.422e-10,0.669388638187915,0.01095471030878744
8.423e-10,0.669388638187915,0.010607825952421004
8.424e-10,0.669388638187915,0.010273708683563485
8.425e-10,0.669388638187915,0.009951891425077809
8.426e-10,0.669388638187915,0.009641700690618107
8.427e-10,0.669388638187915,0.009341547861954314
8.428e-10,0.669388638187915,0.009051452670899348
8.429e-10,0.669388638187915,0.008771271610750035
8.43e-10,0.669388638187915,0.008500773975589161
8.431e-10,0.669388638187915,0.008239684879672485
8.432e-10,0.669388638187915,0.007987709518448799
8.433e-10,0.669388638187915,0.007744546772719085
8.434e-10,0.669388638187915,0.0075098967599227
8.435e-10,0.669388638187915,0.007283464949715086
8.436e-10,0.669388638187915,0.0070649643318959066
8.437e-10,0.669388638187915,0.006854116482863486
8.438e-10,0.669388638187915,0.0066506520117636456
8.439e-10,0.669388638187915,0.006454310659887483
8.44e-10,0.669388638187915,0.00626484120875923
8.441e-10,0.669388638187915,0.0060820012851489835
8.442e-10,0.669388638187915,0.005905557113001494
8.443e-10,0.669388638187915,0.005735283240510217
8.444e-10,0.669388638187915,0.005570962258184884
8.445e-10,0.669388638187915,0.005412384516720218
8.446e-10,0.669388638187915,0.005259347849473347
8.447e-10,0.669388638187915,0.005111657302088576
8.448e-10,0.669388638187915,0.004969124870524985
8.449e-10,0.669388638187915,0.004831569248020179
8.45e-10,0.669388638187915,0.004698815581120625
8.451e-10,0.669388638187915,0.004570695234687571
8.452e-10,0.669388638187915,0.0044470455656691315
8.453e-10,0.669388638187915,0.004327709705368933
8.454e-10,0.669388638187915,0.004212536349914438
8.455e-10,0.669388638187915,0.004101379558619052
8.456e-10,0.669388638187915,0.003994098559933285
8.457e-10,0.669388638187915,0.0038905575646867737
8.458e-10,0.669388638187915,0.003790625586332332
8.459e-10,0.669388638187915,0.003790625586332332
8.46e-10,0.669388638187915,0.003790625586332332
8.461e-10,0.669388638187915,0.003790625586332332
8.462e-10,0.669388638187915,0.003790625586332332
8.463e-10,0.669388638187915,0.003790625586332332
8.464e-10,0.669388638187915,0.003790625586332332
8.465e-10,0.669388638187915,0.003790625586332332
8.466e-10,0.669388638187915,0.003790625586332332
8.467e-10,0.669388638187915,0.003790625586332332
8.468e-10,0.669388638187915,0.003790625586332332
8.469e-10,0.669388638187915,0.003790625586332332
8.47e-10,0.669388638187915,0.003790625586332332
8.471e-10,0.669388638187915,0.003790625586332332
8.472e-10,0.669388638187915,0.003790625586332332
8.473e-10,0.669388638187915,0.003790625586332332
8.474e-10,0.669388638187915,0.003790625586332332
8.475e-10,0.669388638187915,0.003790625586332332
8.476e-10,0.669388638187915,0.003790625586332332
8.477e-10,0.669388638187915,0.003790625586332332
8.478e-10,0.669388638187915,0.003790625586332332
8.479e-10,0.669388638187915,0.003790625586332332
8.48e-10,0.669388638187915,0.003790625586332332
8.481e-10,0.669388638187915,0.003790625586332332
8.482e-10,0.669388638187915,0.003790625586332332
8.483e-10,0.669388638187915,0.003790625586332332
8.484e-10,0.669388638187915,0.003790625586332332
8.485e-10,0.669388638187915,0.003790625586332332
8.486e-10,0.669388638187915,0.003790625586332332
8.487e-10,0.669388638187915,0.003790625586332332
8.488e-10,0.669388638187915,0.003790625586332332
8.489e-10,0.669388638187915,0.003790625586332332
8.49e-10,0.669388638187915,0.003790625586332332
8.491e-10,0.669388638187915,0.003790625586332332
8.492e-10,0.669388638187915,0.003790625586332332
8.493e-10,0.669388638187915,0.003790625586332332
8.494e-10,0.669388638187915,0.003790625586332332
8.495e-10,0.669388638187915,0.003790625586332332
8.496e-10,0.669388638187915,0.003790625586332332
8.497e-10,0.669388638187915,0.003790625586332332
8.498e-10,0.669388638187915,0.003790625586332332
8.499e-10,0.669388638187915,0.003790625586332332
8.5e-10,0.669388638187915,0.003790625586332332
8.501e-10,0.669388638187915,0.003790625586332332
8.502e-10,0.669388638187915,0.003790625586332332
8.503e-10,0.669388638187915,0.003790625586332332
8.504e-10,0.669388638187915,0.003790625586332332
8.505e-10,0.669388638187915,0.003790625586332332
8.506e-10,0.669388638187915,0.003790625586332332
8.507e-10,0.669388638187915,0.003790625586332332
8.508e-10,0.669388638187915,0.003790625586332332
8.509e-10,0.669388638187915,0.003790625586332332
8.51e-10,0.669388638187915,0.003790625586332332
8.511e-10,0.669388638187915,0.003790625586332332
8.512e-10,0.669388638187915,0.003790625586332332
8.513e-10,0.669388638187915,0.003790625586332332
8.514e-10,0.669388638187915,0.003790625586332332
8.515e-10,0.669388638187915,0.003790625586332332
8.516e-10,0.669388638187915,0.003790625586332332
8.517e-10,0.669388638187915,0.003790625586332332
8.518e-10,0.669388638187915,0.003790625586332332
8.519e-10,0.669388638187915,0.003790625586332332
8.52e-10,0.669388638187915,0.003790625586332332
8.521e-10,0.669388638187915,0.003790625586332332
8.522e-10,0.669388638187915,0.003790625586332332
8.523e-10,0.669388638187915,0.003790625586332332
8.524e-10,0.669388638187915,0.003790625586332332
8.525e-10,0.669388638187915,0.003790625586332332
8.526e-10,0.669388638187915,0.003790625586332332
8.527e-10,0.669388638187915,0.003790625586332332
8.528e-10,0.669388638187915,0.003790625586332332
8.529e-10,0.669388638187915,0.003790625586332332
8.53e-10,0.669388638187915,0.003790625586332332
8.531e-10,0.669388638187915,0.003790625586332332
8.532e-10,0.669388638187915,0.003790625586332332
8.533e-10,0.669388638187915,0.003790625586332332
8.534e-10,0.669388638187915,0.003790625586332332
8.535e-10,0.669388638187915,0.003790625586332332
8.536e-10,0.669388638187915,0.003790625586332332
8.537e-10,0.669388638187915,0.003790625586332332
8.538e-10,0.669388638187915,0.003790625586332332
8.539e-10,0.669388638187915,0.003790625586332332
8.54e-10,0.669388638187915,0.003790625586332332
8.541e-10,0.669388638187915,0.003790625586332332
8.542e-10,0.669388638187915,0.003790625586332332
8.543e-10,0.669388638187915,0.003790625586332332
8.544e-10,0.669388638187915,0.003790625586332332
8.545e-10,0.669388638187915,0.003790625586332332
8.546e-10,0.669388638187915,0.003790625586332332
8.547e-10,0.669388638187915,0.003790625586332332
8.548e-10,0.669388638187915,0.003790625586332332
8.549e-10,0.669388638187915,0.003790625586332332
8.55e-10,0.669388638187915,0.003790625586332332
8.551e-10,0.669388638187915,0.003790625586332332
8.552e-10,0.669388638187915,0.003790625586332332
8.553e-10,0.669388638187915,0.003790625586332332
8.554e-10,0.669388638187915,0.003790625586332332
8.555e-10,0.669388638187915,0.003790625586332332
8.556e-10,0.669388638187915,0.003790625586332332
8.557e-10,0.669388638187915,0.003790625586332332
8.558e-10,0.669388638187915,0.003790625586332332
8.559e-10,0.669388638187915,0.003790625586332332
8.56e-10,0.669388638187915,0.003790625586332332
8.561e-10,0.669388638187915,0.003790625586332332
8.562e-10,0.669388638187915,0.003790625586332332
8.563e-10,0.669388638187915,0.003790625586332332
8.564e-10,0.669388638187915,0.003790625586332332
8.565e-10,0.669388638187915,0.003790625586332332
8.566e-10,0.669388638187915,0.003790625586332332
8.567e-10,0.669388638187915,0.003790625586332332
8.568e-10,0.669388638187915,0.003790625586332332
8.569e-10,0.669388638187915,0.003790625586332332
8.57e-10,0.669388638187915,0.003790625586332332
8.571e-10,0.669388638187915,0.003790625586332332
8.572e-10,0.669388638187915,0.003790625586332332
8.573e-10,0.669388638187915,0.003790625586332332
8.574e-10,0.669388638187915,0.003790625586332332
8.575e-10,0.669388638187915,0.003790625586332332
8.576e-10,0.669388638187915,0.003790625586332332
8.577e-10,0.669388638187915,0.003790625586332332
8.578e-10,0.669388638187915,0.003790625586332332
8.579e-10,0.669388638187915,0.003790625586332332
8.58e-10,0.669388638187915,0.003790625586332332
8.581e-10,0.669388638187915,0.003790625586332332
8.582e-10,0.669388638187915,0.003790625586332332
8.583e-10,0.669388638187915,0.003790625586332332
8.584e-10,0.669388638187915,0.003790625586332332
8.585e-10,0.669388638187915,0.003790625586332332
8.586e-10,0.669388638187915,0.003790625586332332
8.587e-10,0.669388638187915,0.003790625586332332
8.588e-10,0.669388638187915,0.003790625586332332
8.589e-10,0.669388638187915,0.003790625586332332
8.59e-10,0.669388638187915,0.003790625586332332
8.591e-10,0.669388638187915,0.003790625586332332
8.592e-10,0.669388638187915,0.003790625586332332
8.593e-10,0.669388638187915,0.003790625586332332
8.594e-10,0.669388638187915,0.003790625586332332
8.595e-10,0.669388638187915,0.003790625586332332
8.596e-10,0.669388638187915,0.003790625586332332
8.597e-10,0.669388638187915,0.003790625586332332
8.598e-10,0.669388638187915,0.003790625586332332
8.599e-10,0.669388638187915,0.003790625586332332
8.6e-10,0.669388638187915,0.003790625586332332
8.601e-10,0.669388638187915,0.003790625586332332
8.602e-10,0.669388638187915,0.003790625586332332
8.603e-10,0.669388638187915,0.003790625586332332
8.604e-10,0.669388638187915,0.003790625586332332
8.605e-10,0.669388638187915,0.003790625586332332
8.606e-10,0.669388638187915,0.003790625586332332
8.607e-10,0.669388638187915,0.003790625586332332
8.608e-10,0.669388638187915,0.003790625586332332
8.609e-10,0.669388638187915,0.003790625586332332
8.61e-10,0.669388638187915,0.003790625586332332
8.611e-10,0.669388638187915,0.003790625586332332
8.612e-10,0.669388638187915,0.003790625586332332
8.613e-10,0.669388638187915,0.003790625586332332
8.614e-10,0.669388638187915,0.003790625586332332
8.615e-10,0.669388638187915,0.003790625586332332
8.616e-10,0.669388638187915,0.003790625586332332
8.617e-10,0.669388638187915,0.003790625586332332
8.618e-10,0.669388638187915,0.003790625586332332
8.619e-10,0.669388638187915,0.003790625586332332
8.62e-10,0.669388638187915,0.003790625586332332
8.621e-10,0.669388638187915,0.003790625586332332
8.622e-10,0.669388638187915,0.003790625586332332
8.623e-10,0.669388638187915,0.003790625586332332
8.624e-10,0.669388638187915,0.003790625586332332
8.625e-10,0.669388638187915,0.003790625586332332
8.626e-10,0.669388638187915,0.003790625586332332
8.627e-10,0.669388638187915,0.003790625586332332
8.628e-10,0.669388638187915,0.003790625586332332
8.629e-10,0.669388638187915,0.003790625586332332
8.63e-10,0.669388638187915,0.003790625586332332
8.631e-10,0.669388638187915,0.003790625586332332
8.632e-10,0.669388638187915,0.003790625586332332
8.633e-10,0.669388638187915,0.003790625586332332
8.634e-10,0.669388638187915,0.003790625586332332
8.635e-10,0.669388638187915,0.003790625586332332
8.636e-10,0.669388638187915,0.003790625586332332
8.637e-10,0.669388638187915,0.003790625586332332
8.638e-10,0.669388638187915,0.003790625586332332
8.639e-10,0.669388638187915,0.003790625586332332
8.64e-10,0.669388638187915,0.003790625586332332
8.641e-10,0.669388638187915,0.003790625586332332
8.642e-10,0.669388638187915,0.003790625586332332
8.643e-10,0.669388638187915,0.003790625586332332
8.644e-10,0.669388638187915,0.003790625586332332
8.645e-10,0.669388638187915,0.003790625586332332
8.646e-10,0.669388638187915,0.003790625586332332
8.647e-10,0.669388638187915,0.003790625586332332
8.648e-10,0.669388638187915,0.003790625586332332
8.649e-10,0.669388638187915,0.003790625586332332
8.65e-10,0.669388638187915,0.003790625586332332
8.651e-10,0.669388638187915,0.003790625586332332
8.652e-10,0.669388638187915,0.003790625586332332
8.653e-10,0.669388638187915,0.003790625586332332
8.654e-10,0.669388638187915,0.003790625586332332
8.655e-10,0.669388638187915,0.003790625586332332
8.656e-10,0.669388638187915,0.003790625586332332
8.657e-10,0.669388638187915,0.003790625586332332
8.658e-10,0.669388638187915,0.003790625586332332
8.659e-10,0.669388638187915,0.003790625586332332
8.66e-10,0.669388638187915,0.003790625586332332
8.661e-10,0.669388638187915,0.003790625586332332
8.662e-10,0.669388638187915,0.003790625586332332
8.663e-10,0.669388638187915,0.003790625586332332
8.664e-10,0.669388638187915,0.003790625586332332
8.665e-10,0.669388638187915,0.003790625586332332
8.666e-10,0.669388638187915,0.003790625586332332
8.667e-10,0.669388638187915,0.003790625586332332
8.668e-10,0.669388638187915,0.003790625586332332
8.669e-10,0.669388638187915,0.003790625586332332
8.67e-10,0.669388638187915,0.003790625586332332
8.671e-10,0.669388638187915,0.003790625586332332
8.672e-10,0.669388638187915,0.003790625586332332
8.673e-10,0.669388638187915,0.003790625586332332
8.674e-10,0.669388638187915,0.003790625586332332
8.675e-10,0.669388638187915,0.003790625586332332
8.676e-10,0.669388638187915,0.003790625586332332
8.677e-10,0.669388638187915,0.003790625586332332
8.678e-10,0.669388638187915,0.003790625586332332
8.679e-10,0.669388638187915,0.003790625586332332
8.68e-10,0.669388638187915,0.003790625586332332
8.681e-10,0.669388638187915,0.003790625586332332
8.682e-10,0.669388638187915,0.003790625586332332
8.683e-10,0.669388638187915,0.003790625586332332
8.684e-10,0.669388638187915,0.003790625586332332
8.685e-10,0.669388638187915,0.003790625586332332
8.686e-10,0.669388638187915,0.003790625586332332
8.687e-10,0.669388638187915,0.003790625586332332
8.688e-10,0.669388638187915,0.003790625586332332
8.689e-10,0.669388638187915,0.003790625586332332
8.69e-10,0.669388638187915,0.003790625586332332
8.691e-10,0.669388638187915,0.003790625586332332
8.692e-10,0.669388638187915,0.003790625586332332
8.693e-10,0.669388638187915,0.003790625586332332
8.694e-10,0.669388638187915,0.003790625586332332
8.695e-10,0.669388638187915,0.003790625586332332
8.696e-10,0.669388638187915,0.003790625586332332
8.697e-10,0.669388638187915,0.003790625586332332
8.698e-10,0.669388638187915,0.003790625586332332
8.699e-10,0.669388638187915,0.003790625586332332
8.7e-10,0.669388638187915,0.003790625586332332
8.701e-10,0.669388638187915,0.003790625586332332
8.702e-10,0.669388638187915,0.003790625586332332
8.703e-10,0.669388638187915,0.003790625586332332
8.704e-10,0.669388638187915,0.003790625586332332
8.705e-10,0.669388638187915,0.003790625586332332
8.706e-10,0.669388638187915,0.003790625586332332
8.707e-10,0.669388638187915,0.003790625586332332
8.708e-10,0.669388638187915,0.003790625586332332
8.709e-10,0.669388638187915,0.003790625586332332
8.71e-10,0.669388638187915,0.003790625586332332
8.711e-10,0.669388638187915,0.003790625586332332
8.712e-10,0.669388638187915,0.003790625586332332
8.713e-10,0.669388638187915,0.003790625586332332
8.714e-10,0.669388638187915,0.003790625586332332
8.715e-10,0.669388638187915,0.003790625586332332
8.716e-10,0.669388638187915,0.003790625586332332
8.717e-10,0.669388638187915,0.003790625586332332
8.718e-10,0.669388638187915,0.003790625586332332
8.719e-10,0.669388638187915,0.003790625586332332
8.72e-10,0.669388638187915,0.003790625586332332
8.721e-10,0.669388638187915,0.003790625586332332
8.722e-10,0.669388638187915,0.003790625586332332
8.723e-10,0.669388638187915,0.003790625586332332
8.724e-10,0.669388638187915,0.003790625586332332
8.725e-10,0.669388638187915,0.003790625586332332
8.726e-10,0.669388638187915,0.003790625586332332
8.727e-10,0.669388638187915,0.003790625586332332
8.728e-10,0.669388638187915,0.003790625586332332
8.729e-10,0.669388638187915,0.003790625586332332
8.73e-10,0.669388638187915,0.003790625586332332
8.731e-10,0.669388638187915,0.003790625586332332
8.732e-10,0.669388638187915,0.003790625586332332
8.733e-10,0.669388638187915,0.003790625586332332
8.734e-10,0.669388638187915,0.003790625586332332
8.735e-10,0.669388638187915,0.003790625586332332
8.736e-10,0.669388638187915,0.003790625586332332
8.737e-10,0.669388638187915,0.003790625586332332
8.738e-10,0.669388638187915,0.003790625586332332
8.739e-10,0.669388638187915,0.003790625586332332
8.74e-10,0.669388638187915,0.003790625586332332
8.741e-10,0.669388638187915,0.003790625586332332
8.742e-10,0.669388638187915,0.003790625586332332
8.743e-10,0.669388638187915,0.003790625586332332
8.744e-10,0.669388638187915,0.003790625586332332
8.745e-10,0.669388638187915,0.003790625586332332
8.746e-10,0.669388638187915,0.003790625586332332
8.747e-10,0.669388638187915,0.003790625586332332
8.748e-10,0.669388638187915,0.003790625586332332
8.749e-10,0.669388638187915,0.003790625586332332
8.75e-10,0.669388638187915,0.003790625586332332
8.751e-10,0.669388638187915,0.003790625586332332
8.752e-10,0.669388638187915,0.003790625586332332
8.753e-10,0.669388638187915,0.003790625586332332
8.754e-10,0.669388638187915,0.003790625586332332
8.755e-10,0.669388638187915,0.003790625586332332
8.756e-10,0.669388638187915,0.003790625586332332
8.757e-10,0.669388638187915,0.003790625586332332
8.758e-10,0.669388638187915,0.003790625586332332
8.759e-10,0.669388638187915,0.003790625586332332
8.76e-10,0.669388638187915,0.003790625586332332
8.761e-10,0.669388638187915,0.003790625586332332
8.762e-10,0.669388638187915,0.003790625586332332
8.763e-10,0.669388638187915,0.003790625586332332
8.764e-10,0.669388638187915,0.003790625586332332
8.765e-10,0.669388638187915,0.003790625586332332
8.766e-10,0.669388638187915,0.003790625586332332
8.767e-10,0.669388638187915,0.003790625586332332
8.768e-10,0.669388638187915,0.003790625586332332
8.769e-10,0.669388638187915,0.003790625586332332
8.77e-10,0.669388638187915,0.003790625586332332
8.771e-10,0.669388638187915,0.003790625586332332
8.772e-10,0.669388638187915,0.003790625586332332
8.773e-10,0.669388638187915,0.003790625586332332
8.774e-10,0.669388638187915,0.003790625586332332
8.775e-10,0.669388638187915,0.003790625586332332
8.776e-10,0.669388638187915,0.003790625586332332
8.777e-10,0.669388638187915,0.003790625586332332
8.778e-10,0.669388638187915,0.003790625586332332
8.779e-10,0.669388638187915,0.003790625586332332
8.78e-10,0.669388638187915,0.003790625586332332
8.781e-10,0.669388638187915,0.003790625586332332
8.782e-10,0.669388638187915,0.003790625586332332
8.783e-10,0.669388638187915,0.003790625586332332
8.784e-10,0.669388638187915,0.003790625586332332
8.785e-10,0.669388638187915,0.003790625586332332
8.786e-10,0.669388638187915,0.003790625586332332
8.787e-10,0.669388638187915,0.003790625586332332
8.788e-10,0.669388638187915,0.003790625586332332
8.789e-10,0.669388638187915,0.003790625586332332
8.79e-10,0.669388638187915,0.003790625586332332
8.791e-10,0.669388638187915,0.003790625586332332
8.792e-10,0.669388638187915,0.003790625586332332
8.793e-10,0.669388638187915,0.003790625586332332
8.794e-10,0.669388638187915,0.003790625586332332
8.795e-10,0.669388638187915,0.003790625586332332
8.796e-10,0.669388638187915,0.003790625586332332
8.797e-10,0.669388638187915,0.003790625586332332
8.798e-10,0.669388638187915,0.003790625586332332
8.799e-10,0.669388638187915,0.003790625586332332
8.8e-10,0.669388638187915,0.003790625586332332
8.801e-10,0.669388638187915,0.003790625586332332
8.802e-10,0.669388638187915,0.003790625586332332
8.803e-10,0.669388638187915,0.003790625586332332
8.804e-10,0.669388638187915,0.003790625586332332
8.805e-10,0.669388638187915,0.003790625586332332
8.806e-10,0.669388638187915,0.003790625586332332
8.807e-10,0.669388638187915,0.003790625586332332
8.808e-10,0.669388638187915,0.003790625586332332
8.809e-10,0.669388638187915,0.003790625586332332
8.81e-10,0.669388638187915,0.003790625586332332
8.811e-10,0.669388638187915,0.003790625586332332
8.812e-10,0.669388638187915,0.003790625586332332
8.813e-10,0.669388638187915,0.003790625586332332
8.814e-10,0.669388638187915,0.003790625586332332
8.815e-10,0.669388638187915,0.003790625586332332
8.816e-10,0.669388638187915,0.003790625586332332
8.817e-10,0.669388638187915,0.003790625586332332
8.818e-10,0.669388638187915,0.003790625586332332
8.819e-10,0.669388638187915,0.003790625586332332
8.82e-10,0.669388638187915,0.003790625586332332
8.821e-10,0.669388638187915,0.003790625586332332
8.822e-10,0.669388638187915,0.003790625586332332
8.823e-10,0.669388638187915,0.003790625586332332
8.824e-10,0.669388638187915,0.003790625586332332
8.825e-10,0.669388638187915,0.003790625586332332
8.826e-10,0.669388638187915,0.003790625586332332
8.827e-10,0.669388638187915,0.003790625586332332
8.828e-10,0.669388638187915,0.003790625586332332
8.829e-10,0.669388638187915,0.003790625586332332
8.83e-10,0.669388638187915,0.003790625586332332
8.831e-10,0.669388638187915,0.003790625586332332
8.832e-10,0.669388638187915,0.003790625586332332
8.833e-10,0.669388638187915,0.003790625586332332
8.834e-10,0.669388638187915,0.003790625586332332
8.835e-10,0.669388638187915,0.003790625586332332
8.836e-10,0.669388638187915,0.003790625586332332
8.837e-10,0.669388638187915,0.003790625586332332
8.838e-10,0.669388638187915,0.003790625586332332
8.839e-10,0.669388638187915,0.003790625586332332
8.84e-10,0.669388638187915,0.003790625586332332
8.841e-10,0.669388638187915,0.003790625586332332
8.842e-10,0.669388638187915,0.003790625586332332
8.843e-10,0.669388638187915,0.003790625586332332
8.844e-10,0.669388638187915,0.003790625586332332
8.845e-10,0.669388638187915,0.003790625586332332
8.846e-10,0.669388638187915,0.003790625586332332
8.847e-10,0.669388638187915,0.003790625586332332
8.848e-10,0.669388638187915,0.003790625586332332
8.849e-10,0.669388638187915,0.003790625586332332
8.85e-10,0.669388638187915,0.003790625586332332
8.851e-10,0.669388638187915,0.003790625586332332
8.852e-10,0.669388638187915,0.003790625586332332
8.853e-10,0.669388638187915,0.003790625586332332
8.854e-10,0.669388638187915,0.003790625586332332
8.855e-10,0.669388638187915,0.003790625586332332
8.856e-10,0.669388638187915,0.003790625586332332
8.857e-10,0.669388638187915,0.003790625586332332
8.858e-10,0.669388638187915,0.003790625586332332
8.859e-10,0.669388638187915,0.003790625586332332
8.86e-10,0.669388638187915,0.003790625586332332
8.861e-10,0.669388638187915,0.003790625586332332
8.862e-10,0.669388638187915,0.003790625586332332
8.863e-10,0.669388638187915,0.003790625586332332
8.864e-10,0.669388638187915,0.003790625586332332
8.865e-10,0.669388638187915,0.003790625586332332
8.866e-10,0.669388638187915,0.003790625586332332
8.867e-10,0.669388638187915,0.003790625586332332
8.868e-10,0.669388638187915,0.003790625586332332
8.869e-10,0.669388638187915,0.003790625586332332
8.87e-10,0.669388638187915,0.003790625586332332
8.871e-10,0.669388638187915,0.003790625586332332
8.872e-10,0.669388638187915,0.003790625586332332
8.873e-10,0.669388638187915,0.003790625586332332
8.874e-10,0.669388638187915,0.003790625586332332
8.875e-10,0.669388638187915,0.003790625586332332
8.876e-10,0.669388638187915,0.003790625586332332
8.877e-10,0.669388638187915,0.003790625586332332
8.878e-10,0.669388638187915,0.003790625586332332
8.879e-10,0.669388638187915,0.003790625586332332
8.88e-10,0.669388638187915,0.003790625586332332
8.881e-10,0.669388638187915,0.003790625586332332
8.882e-10,0.669388638187915,0.003790625586332332
8.883e-10,0.669388638187915,0.003790625586332332
8.884e-10,0.669388638187915,0.003790625586332332
8.885e-10,0.669388638187915,0.003790625586332332
8.886e-10,0.669388638187915,0.003790625586332332
8.887e-10,0.669388638187915,0.003790625586332332
8.888e-10,0.669388638187915,0.003790625586332332
8.889e-10,0.669388638187915,0.003790625586332332
8.89e-10,0.669388638187915,0.003790625586332332
8.891e-10,0.669388638187915,0.003790625586332332
8.892e-10,0.669388638187915,0.003790625586332332
8.893e-10,0.669388638187915,0.003790625586332332
8.894e-10,0.669388638187915,0.003790625586332332
8.895e-10,0.669388638187915,0.003790625586332332
8.896e-10,0.669388638187915,0.003790625586332332
8.897e-10,0.669388638187915,0.003790625586332332
8.898e-10,0.669388638187915,0.003790625586332332
8.899e-10,0.669388638187915,0.003790625586332332
8.9e-10,0.669388638187915,0.003790625586332332
8.901e-10,0.669388638187915,0.003790625586332332
8.902e-10,0.669388638187915,0.003790625586332332
8.903e-10,0.669388638187915,0.003790625586332332
8.904e-10,0.669388638187915,0.003790625586332332
8.905e-10,0.669388638187915,0.003790625586332332
8.906e-10,0.669388638187915,0.003790625586332332
8.907e-10,0.669388638187915,0.003790625586332332
8.908e-10,0.669388638187915,0.003790625586332332
8.909e-10,0.669388638187915,0.003790625586332332
8.91e-10,0.669388638187915,0.003790625586332332
8.911e-10,0.669388638187915,0.003790625586332332
8.912e-10,0.669388638187915,0.003790625586332332
8.913e-10,0.669388638187915,0.003790625586332332
8.914e-10,0.669388638187915,0.003790625586332332
8.915e-10,0.669388638187915,0.003790625586332332
8.916e-10,0.669388638187915,0.003790625586332332
8.917e-10,0.669388638187915,0.003790625586332332
8.918e-10,0.669388638187915,0.003790625586332332
8.919e-10,0.669388638187915,0.003790625586332332
8.92e-10,0.669388638187915,0.003790625586332332
8.921e-10,0.669388638187915,0.003790625586332332
8.922e-10,0.669388638187915,0.003790625586332332
8.923e-10,0.669388638187915,0.003790625586332332
8.924e-10,0.669388638187915,0.003790625586332332
8.925e-10,0.669388638187915,0.003790625586332332
8.926e-10,0.669388638187915,0.003790625586332332
8.927e-10,0.669388638187915,0.003790625586332332
8.928e-10,0.669388638187915,0.003790625586332332
8.929e-10,0.669388638187915,0.003790625586332332
8.93e-10,0.669388638187915,0.003790625586332332
8.931e-10,0.669388638187915,0.003790625586332332
8.932e-10,0.669388638187915,0.003790625586332332
8.933e-10,0.669388638187915,0.003790625586332332
8.934e-10,0.669388638187915,0.003790625586332332
8.935e-10,0.669388638187915,0.003790625586332332
8.936e-10,0.669388638187915,0.003790625586332332
8.937e-10,0.669388638187915,0.003790625586332332
8.938e-10,0.669388638187915,0.003790625586332332
8.939e-10,0.669388638187915,0.003790625586332332
8.94e-10,0.669388638187915,0.003790625586332332
8.941e-10,0.669388638187915,0.003790625586332332
8.942e-10,0.669388638187915,0.003790625586332332
8.943e-10,0.669388638187915,0.003790625586332332
8.944e-10,0.669388638187915,0.003790625586332332
8.945e-10,0.669388638187915,0.003790625586332332
8.946e-10,0.669388638187915,0.003790625586332332
8.947e-10,0.669388638187915,0.003790625586332332
8.948e-10,0.669388638187915,0.003790625586332332
8.949e-10,0.669388638187915,0.003790625586332332
8.95e-10,0.669388638187915,0.003790625586332332
8.951e-10,0.669388638187915,0.003790625586332332
8.952e-10,0.669388638187915,0.003790625586332332
8.953e-10,0.669388638187915,0.003790625586332332
8.954e-10,0.669388638187915,0.003790625586332332
8.955e-10,0.669388638187915,0.003790625586332332
8.956e-10,0.669388638187915,0.003790625586332332
8.957e-10,0.669388638187915,0.003790625586332332
8.958e-10,0.669388638187915,0.003790625586332332
8.959e-10,0.669388638187915,0.003790625586332332
8.96e-10,0.669388638187915,0.003790625586332332
8.961e-10,0.669388638187915,0.003790625586332332
8.962e-10,0.669388638187915,0.003790625586332332
8.963e-10,0.669388638187915,0.003790625586332332
8.964e-10,0.669388638187915,0.003790625586332332
8.965e-10,0.669388638187915,0.003790625586332332
8.966e-10,0.669388638187915,0.003790625586332332
8.967e-10,0.669388638187915,0.003790625586332332
8.968e-10,0.669388638187915,0.003790625586332332
8.969e-10,0.669388638187915,0.003790625586332332
8.97e-10,0.669388638187915,0.003790625586332332
8.971e-10,0.669388638187915,0.003790625586332332
8.972e-10,0.669388638187915,0.003790625586332332
8.973e-10,0.669388638187915,0.003790625586332332
8.974e-10,0.669388638187915,0.003790625586332332
8.975e-10,0.669388638187915,0.003790625586332332
8.976e-10,0.669388638187915,0.003790625586332332
8.977e-10,0.669388638187915,0.003790625586332332
8.978e-10,0.669388638187915,0.003790625586332332
8.979e-10,0.669388638187915,0.003790625586332332
8.98e-10,0.669388638187915,0.003790625586332332
8.981e-10,0.669388638187915,0.003790625586332332
8.982e-10,0.669388638187915,0.003790625586332332
8.983e-10,0.669388638187915,0.003790625586332332
8.984e-10,0.669388638187915,0.003790625586332332
8.985e-10,0.669388638187915,0.003790625586332332
8.986e-10,0.669388638187915,0.003790625586332332
8.987e-10,0.669388638187915,0.003790625586332332
8.988e-10,0.669388638187915,0.003790625586332332
8.989e-10,0.669388638187915,0.003790625586332332
8.99e-10,0.669388638187915,0.003790625586332332
8.991e-10,0.669388638187915,0.003790625586332332
8.992e-10,0.669388638187915,0.003790625586332332
8.993e-10,0.669388638187915,0.003790625586332332
8.994e-10,0.669388638187915,0.003790625586332332
8.995e-10,0.669388638187915,0.003790625586332332
8.996e-10,0.669388638187915,0.003790625586332332
8.997e-10,0.669388638187915,0.003790625586332332
8.998e-10,0.669388638187915,0.003790625586332332
8.999e-10,0.669388638187915,0.003790625586332332
9e-10,0.669388638187915,0.003790625586332332
9.001e-10,0.669388638187915,0.003790625586332332
9.002e-10,0.669388638187915,0.003790625586332332
9.003e-10,0.669388638187915,0.003790625586332332
9.004e-10,0.669388638187915,0.003790625586332332
9.005e-10,0.669388638187915,0.003790625586332332
9.006e-10,0.669388638187915,0.003790625586332332
9.007e-10,0.669388638187915,0.003790625586332332
9.008e-10,0.669388638187915,0.003790625586332332
9.009e-10,0.669388638187915,0.003790625586332332
9.01e-10,0.669388638187915,0.003790625586332332
9.011e-10,0.669388638187915,0.003790625586332332
9.012e-10,0.669388638187915,0.003790625586332332
9.013e-10,0.669388638187915,0.003790625586332332
9.014e-10,0.669388638187915,0.003790625586332332
9.015e-10,0.669388638187915,0.003790625586332332
9.016e-10,0.669388638187915,0.003790625586332332
9.017e-10,0.669388638187915,0.003790625586332332
9.018e-10,0.669388638187915,0.003790625586332332
9.019e-10,0.669388638187915,0.003790625586332332
9.02e-10,0.669388638187915,0.003790625586332332
9.021e-10,0.669388638187915,0.003790625586332332
9.022e-10,0.669388638187915,0.003790625586332332
9.023e-10,0.669388638187915,0.003790625586332332
9.024e-10,0.669388638187915,0.003790625586332332
9.025e-10,0.669388638187915,0.003790625586332332
9.026e-10,0.669388638187915,0.003790625586332332
9.027e-10,0.669388638187915,0.003790625586332332
9.028e-10,0.669388638187915,0.003790625586332332
9.029e-10,0.669388638187915,0.003790625586332332
9.03e-10,0.669388638187915,0.003790625586332332
9.031e-10,0.669388638187915,0.003790625586332332
9.032e-10,0.669388638187915,0.003790625586332332
9.033e-10,0.669388638187915,0.003790625586332332
9.034e-10,0.669388638187915,0.003790625586332332
9.035e-10,0.669388638187915,0.003790625586332332
9.036e-10,0.669388638187915,0.003790625586332332
9.037e-10,0.669388638187915,0.003790625586332332
9.038e-10,0.669388638187915,0.003790625586332332
9.039e-10,0.669388638187915,0.003790625586332332
9.04e-10,0.669388638187915,0.003790625586332332
9.041e-10,0.669388638187915,0.003790625586332332
9.042e-10,0.669388638187915,0.003790625586332332
9.043e-10,0.669388638187915,0.003790625586332332
9.044e-10,0.669388638187915,0.003790625586332332
9.045e-10,0.669388638187915,0.003790625586332332
9.046e-10,0.669388638187915,0.003790625586332332
9.047e-10,0.669388638187915,0.003790625586332332
9.048e-10,0.669388638187915,0.003790625586332332
9.049e-10,0.669388638187915,0.003790625586332332
9.05e-10,0.669388638187915,0.003790625586332332
9.051e-10,0.669388638187915,0.003790625586332332
9.052e-10,0.669388638187915,0.003790625586332332
9.053e-10,0.669388638187915,0.003790625586332332
9.054e-10,0.669388638187915,0.003790625586332332
9.055e-10,0.669388638187915,0.003790625586332332
9.056e-10,0.669388638187915,0.003790625586332332
9.057e-10,0.669388638187915,0.003790625586332332
9.058e-10,0.669388638187915,0.003790625586332332
9.059e-10,0.669388638187915,0.003790625586332332
9.06e-10,0.669388638187915,0.003790625586332332
9.061e-10,0.669388638187915,0.003790625586332332
9.062e-10,0.669388638187915,0.003790625586332332
9.063e-10,0.669388638187915,0.003790625586332332
9.064e-10,0.669388638187915,0.003790625586332332
9.065e-10,0.669388638187915,0.003790625586332332
9.066e-10,0.669388638187915,0.003790625586332332
9.067e-10,0.669388638187915,0.003790625586332332
9.068e-10,0.669388638187915,0.003790625586332332
9.069e-10,0.669388638187915,0.003790625586332332
9.07e-10,0.669388638187915,0.003790625586332332
9.071e-10,0.669388638187915,0.003790625586332332
9.072e-10,0.669388638187915,0.003790625586332332
9.073e-10,0.669388638187915,0.003790625586332332
9.074e-10,0.669388638187915,0.003790625586332332
9.075e-10,0.669388638187915,0.003790625586332332
9.076e-10,0.669388638187915,0.003790625586332332
9.077e-10,0.669388638187915,0.003790625586332332
9.078e-10,0.669388638187915,0.003790625586332332
9.079e-10,0.669388638187915,0.003790625586332332
9.08e-10,0.669388638187915,0.003790625586332332
9.081e-10,0.669388638187915,0.003790625586332332
9.082e-10,0.669388638187915,0.003790625586332332
9.083e-10,0.669388638187915,0.003790625586332332
9.084e-10,0.669388638187915,0.003790625586332332
9.085e-10,0.669388638187915,0.003790625586332332
9.086e-10,0.669388638187915,0.003790625586332332
9.087e-10,0.669388638187915,0.003790625586332332
9.088e-10,0.669388638187915,0.003790625586332332
9.089e-10,0.669388638187915,0.003790625586332332
9.09e-10,0.669388638187915,0.003790625586332332
9.091e-10,0.669388638187915,0.003790625586332332
9.092e-10,0.669388638187915,0.003790625586332332
9.093e-10,0.669388638187915,0.003790625586332332
9.094e-10,0.669388638187915,0.003790625586332332
9.095e-10,0.669388638187915,0.003790625586332332
9.096e-10,0.669388638187915,0.003790625586332332
9.097e-10,0.669388638187915,0.003790625586332332
9.098e-10,0.669388638187915,0.003790625586332332
9.099e-10,0.669388638187915,0.003790625586332332
9.1e-10,0.669388638187915,0.003790625586332332
9.101e-10,0.669388638187915,0.003790625586332332
9.102e-10,0.669388638187915,0.003790625586332332
9.103e-10,0.669388638187915,0.003790625586332332
9.104e-10,0.669388638187915,0.003790625586332332
9.105e-10,0.669388638187915,0.003790625586332332
9.106e-10,0.669388638187915,0.003790625586332332
9.107e-10,0.669388638187915,0.003790625586332332
9.108e-10,0.669388638187915,0.003790625586332332
9.109e-10,0.669388638187915,0.003790625586332332
9.11e-10,0.669388638187915,0.003790625586332332
9.111e-10,0.669388638187915,0.003790625586332332
9.112e-10,0.669388638187915,0.003790625586332332
9.113e-10,0.669388638187915,0.003790625586332332
9.114e-10,0.669388638187915,0.003790625586332332
9.115e-10,0.669388638187915,0.003790625586332332
9.116e-10,0.669388638187915,0.003790625586332332
9.117e-10,0.669388638187915,0.003790625586332332
9.118e-10,0.669388638187915,0.003790625586332332
9.119e-10,0.669388638187915,0.003790625586332332
9.12e-10,0.669388638187915,0.003790625586332332
9.121e-10,0.669388638187915,0.003790625586332332
9.122e-10,0.669388638187915,0.003790625586332332
9.123e-10,0.669388638187915,0.003790625586332332
9.124e-10,0.669388638187915,0.003790625586332332
9.125e-10,0.669388638187915,0.003790625586332332
9.126e-10,0.669388638187915,0.003790625586332332
9.127e-10,0.669388638187915,0.003790625586332332
9.128e-10,0.669388638187915,0.003790625586332332
9.129e-10,0.669388638187915,0.003790625586332332
9.13e-10,0.669388638187915,0.003790625586332332
9.131e-10,0.669388638187915,0.003790625586332332
9.132e-10,0.669388638187915,0.003790625586332332
9.133e-10,0.669388638187915,0.003790625586332332
9.134e-10,0.669388638187915,0.003790625586332332
9.135e-10,0.669388638187915,0.003790625586332332
9.136e-10,0.669388638187915,0.003790625586332332
9.137e-10,0.669388638187915,0.003790625586332332
9.138e-10,0.669388638187915,0.003790625586332332
9.139e-10,0.669388638187915,0.003790625586332332
9.14e-10,0.669388638187915,0.003790625586332332
9.141e-10,0.669388638187915,0.003790625586332332
9.142e-10,0.669388638187915,0.003790625586332332
9.143e-10,0.669388638187915,0.003790625586332332
9.144e-10,0.669388638187915,0.003790625586332332
9.145e-10,0.669388638187915,0.003790625586332332
9.146e-10,0.669388638187915,0.003790625586332332
9.147e-10,0.669388638187915,0.003790625586332332
9.148e-10,0.669388638187915,0.003790625586332332
9.149e-10,0.669388638187915,0.003790625586332332
9.15e-10,0.669388638187915,0.003790625586332332
9.151e-10,0.669388638187915,0.003790625586332332
9.152e-10,0.669388638187915,0.003790625586332332
9.153e-10,0.669388638187915,0.003790625586332332
9.154e-10,0.669388638187915,0.003790625586332332
9.155e-10,0.669388638187915,0.003790625586332332
9.156e-10,0.669388638187915,0.003790625586332332
9.157e-10,0.669388638187915,0.003790625586332332
9.158e-10,0.669388638187915,0.003790625586332332
9.159e-10,0.669388638187915,0.003790625586332332
9.16e-10,0.669388638187915,0.003790625586332332
9.161e-10,0.669388638187915,0.003790625586332332
9.162e-10,0.669388638187915,0.003790625586332332
9.163e-10,0.669388638187915,0.003790625586332332
9.164e-10,0.669388638187915,0.003790625586332332
9.165e-10,0.669388638187915,0.003790625586332332
9.166e-10,0.669388638187915,0.003790625586332332
9.167e-10,0.669388638187915,0.003790625586332332
9.168e-10,0.669388638187915,0.003790625586332332
9.169e-10,0.669388638187915,0.003790625586332332
9.17e-10,0.669388638187915,0.003790625586332332
9.171e-10,0.669388638187915,0.003790625586332332
9.172e-10,0.669388638187915,0.003790625586332332
9.173e-10,0.669388638187915,0.003790625586332332
9.174e-10,0.669388638187915,0.003790625586332332
9.175e-10,0.669388638187915,0.003790625586332332
9.176e-10,0.669388638187915,0.003790625586332332
9.177e-10,0.669388638187915,0.003790625586332332
9.178e-10,0.669388638187915,0.003790625586332332
9.179e-10,0.669388638187915,0.003790625586332332
9.18e-10,0.669388638187915,0.003790625586332332
9.181e-10,0.669388638187915,0.003790625586332332
9.182e-10,0.669388638187915,0.003790625586332332
9.183e-10,0.669388638187915,0.003790625586332332
9.184e-10,0.669388638187915,0.003790625586332332
9.185e-10,0.669388638187915,0.003790625586332332
9.186e-10,0.669388638187915,0.003790625586332332
9.187e-10,0.669388638187915,0.003790625586332332
9.188e-10,0.669388638187915,0.003790625586332332
9.189e-10,0.669388638187915,0.003790625586332332
9.19e-10,0.669388638187915,0.003790625586332332
9.191e-10,0.669388638187915,0.003790625586332332
9.192e-10,0.669388638187915,0.003790625586332332
9.193e-10,0.669388638187915,0.003790625586332332
9.194e-10,0.669388638187915,0.003790625586332332
9.195e-10,0.669388638187915,0.003790625586332332
9.196e-10,0.669388638187915,0.003790625586332332
9.197e-10,0.669388638187915,0.003790625586332332
9.198e-10,0.669388638187915,0.003790625586332332
9.199e-10,0.669388638187915,0.003790625586332332
9.2e-10,0.669388638187915,0.003790625586332332
9.201e-10,0.669388638187915,0.003790625586332332
9.202e-10,0.669388638187915,0.003790625586332332
9.203e-10,0.669388638187915,0.003790625586332332
9.204e-10,0.669388638187915,0.003790625586332332
9.205e-10,0.669388638187915,0.003790625586332332
9.206e-10,0.669388638187915,0.003790625586332332
9.207e-10,0.669388638187915,0.003790625586332332
9.208e-10,0.669388638187915,0.003790625586332332
9.209e-10,0.669388638187915,0.003790625586332332
9.21e-10,0.669388638187915,0.003790625586332332
9.211e-10,0.669388638187915,0.0036861266776346416
9.212e-10,0.669388638187915,0.0035858281316485633
9.213e-10,0.669388638187915,0.0034894326196507853
9.214e-10,0.669388638187915,0.0033967131562393383
9.215e-10,0.669388638187915,0.0033074852312636525
9.216e-10,0.669388638187915,0.00322159076511212
9.217e-10,0.669388638187915,0.003138888850812587
9.218e-10,0.669388638187915,0.0030592503777117004
9.219e-10,0.669388638187915,0.0029825548769375626
9.22e-10,0.669388638187915,0.002908688640189691
9.221e-10,0.669388638187915,0.002837543569739379
9.222e-10,0.669388638187915,0.00276901644967161
9.223e-10,0.669388638187915,0.0027030284810408327
9.224e-10,0.669388638187915,0.0026394971864402922
9.225e-10,0.669388638187915,0.0026394971864402922
9.226e-10,0.669388638187915,0.0025784730238115425
9.227e-10,0.669388638187915,0.0025784730238115425
9.228e-10,0.669388638187915,0.0025198381355057324
9.229e-10,0.669388638187915,0.0025198381355057324
9.23e-10,0.669388638187915,0.00246348230082524
9.231e-10,0.669388638187915,0.00246348230082524
9.232e-10,0.669388638187915,0.0024093021251447746
9.233e-10,0.669388638187915,0.0024093021251447746
9.234e-10,0.669388638187915,0.0023572003865703073
9.235e-10,0.669388638187915,0.0023572003865703073
9.236e-10,0.669388638187915,0.002307085495848079
9.237e-10,0.669388638187915,0.002307085495848079
9.238e-10,0.669388638187915,0.002258833756198761
9.239e-10,0.669388638187915,0.002258833756198761
9.24e-10,0.669388638187915,0.00221235081754014
9.241e-10,0.669388638187915,0.00221235081754014
9.242e-10,0.669388638187915,0.0021675688682797935
9.243e-10,0.669388638187915,0.0021675688682797935
9.244e-10,0.669388638187915,0.0021675688682797935
9.245e-10,0.669388638187915,0.0021244594014921824
9.246e-10,0.669388638187915,0.0021244594014921824
9.247e-10,0.669388638187915,0.0021244594014921824
9.248e-10,0.669388638187915,0.0020829515073188974
9.249e-10,0.669388638187915,0.0020829515073188974
9.25e-10,0.669388638187915,0.0020829515073188974
9.251e-10,0.669388638187915,0.0020429781145884104
9.252e-10,0.669388638187915,0.0020429781145884104
9.253e-10,0.669388638187915,0.0020429781145884104
9.254e-10,0.669388638187915,0.0020045958840879453
9.255e-10,0.669388638187915,0.0020045958840879453
9.256e-10,0.669388638187915,0.0020045958840879453
9.257e-10,0.669388638187915,0.0020045958840879453
9.258e-10,0.669388638187915,0.0019677681982717358
9.259e-10,0.669388638187915,0.0019677681982717358
9.26e-10,0.669388638187915,0.0019677681982717358
9.261e-10,0.669388638187915,0.0019677681982717358
9.262e-10,0.669388638187915,0.0019323972179833
9.263e-10,0.669388638187915,0.0019323972179833
9.264e-10,0.669388638187915,0.0019323972179833
9.265e-10,0.669388638187915,0.0019323972179833
9.266e-10,0.669388638187915,0.0019323972179833
9.267e-10,0.669388638187915,0.001898369915576814
9.268e-10,0.669388638187915,0.001898369915576814
9.269e-10,0.669388638187915,0.001898369915576814
9.27e-10,0.669388638187915,0.001898369915576814
9.271e-10,0.669388638187915,0.001898369915576814
9.272e-10,0.669388638187915,0.0018655146663444715
9.273e-10,0.669388638187915,0.0018655146663444715
9.274e-10,0.669388638187915,0.0018655146663444715
9.275e-10,0.669388638187915,0.0018655146663444715
9.276e-10,0.669388638187915,0.0018655146663444715
9.277e-10,0.669388638187915,0.0018338029201235896
9.278e-10,0.669388638187915,0.0018338029201235896
9.279e-10,0.669388638187915,0.0018338029201235896
9.28e-10,0.669388638187915,0.0018338029201235896
9.281e-10,0.669388638187915,0.0018338029201235896
9.282e-10,0.669388638187915,0.0018338029201235896
9.283e-10,0.669388638187915,0.0018033613432884678
9.284e-10,0.669388638187915,0.0018033613432884678
9.285e-10,0.669388638187915,0.0018033613432884678
9.286e-10,0.669388638187915,0.0018033613432884678
9.287e-10,0.669388638187915,0.0018033613432884678
9.288e-10,0.669388638187915,0.0018033613432884678
9.289e-10,0.669388638187915,0.0018033613432884678
9.29e-10,0.669388638187915,0.0018033613432884678
9.291e-10,0.669388638187915,0.0018033613432884678
9.292e-10,0.669388638187915,0.0018033613432884678
9.293e-10,0.669388638187915,0.0018033613432884678
9.294e-10,0.669388638187915,0.0017743337107456031
9.295e-10,0.669388638187915,0.0017743337107456031
9.296e-10,0.669388638187915,0.0017743337107456031
9.297e-10,0.669388638187915,0.0017743337107456031
9.298e-10,0.669388638187915,0.0017743337107456031
9.299e-10,0.669388638187915,0.0017743337107456031
9.3e-10,0.669388638187915,0.0017743337107456031
9.301e-10,0.669388638187915,0.0017743337107456031
9.302e-10,0.669388638187915,0.0017743337107456031
9.303e-10,0.669388638187915,0.0017743337107456031
9.304e-10,0.669388638187915,0.0017743337107456031
9.305e-10,0.669388638187915,0.0017743337107456031
9.306e-10,0.669388638187915,0.0017743337107456031
9.307e-10,0.669388638187915,0.00174613751708915
9.308e-10,0.669388638187915,0.00174613751708915
9.309e-10,0.669388638187915,0.00174613751708915
9.31e-10,0.669388638187915,0.00174613751708915
9.311e-10,0.669388638187915,0.00174613751708915
9.312e-10,0.669388638187915,0.00174613751708915
9.313e-10,0.669388638187915,0.00174613751708915
9.314e-10,0.669388638187915,0.00174613751708915
9.315e-10,0.669388638187915,0.00174613751708915
9.316e-10,0.669388638187915,0.00174613751708915
9.317e-10,0.669388638187915,0.00174613751708915
9.318e-10,0.669388638187915,0.00174613751708915
9.319e-10,0.669388638187915,0.00174613751708915
9.32e-10,0.669388638187915,0.00174613751708915
9.321e-10,0.669388638187915,0.00174613751708915
9.322e-10,0.669388638187915,0.00174613751708915
9.323e-10,0.669388638187915,0.00174613751708915
9.324e-10,0.669388638187915,0.00174613751708915
9.325e-10,0.669388638187915,0.00174613751708915
9.326e-10,0.669388638187915,0.00174613751708915
9.327e-10,0.669388638187915,0.00174613751708915
9.328e-10,0.669388638187915,0.00174613751708915
9.329e-10,0.669388638187915,0.00174613751708915
9.33e-10,0.669388638187915,0.00174613751708915
9.331e-10,0.669388638187915,0.00174613751708915
9.332e-10,0.669388638187915,0.00174613751708915
9.333e-10,0.669388638187915,0.00174613751708915
9.334e-10,0.669388638187915,0.00174613751708915
9.335e-10,0.669388638187915,0.00174613751708915
9.336e-10,0.669388638187915,0.00174613751708915
9.337e-10,0.669388638187915,0.00174613751708915
9.338e-10,0.669388638187915,0.00174613751708915
9.339e-10,0.669388638187915,0.00174613751708915
9.34e-10,0.669388638187915,0.00174613751708915
9.341e-10,0.669388638187915,0.00174613751708915
9.342e-10,0.669388638187915,0.0017196443994746148
9.343e-10,0.669388638187915,0.0017196443994746148
9.344e-10,0.669388638187915,0.0017196443994746148
9.345e-10,0.669388638187915,0.0017196443994746148
9.346e-10,0.669388638187915,0.0017196443994746148
9.347e-10,0.669388638187915,0.0017196443994746148
9.348e-10,0.669388638187915,0.0016943089248156473
9.349e-10,0.669388638187915,0.0016943089248156473
9.35e-10,0.669388638187915,0.0016943089248156473
9.351e-10,0.669388638187915,0.0016943089248156473
9.352e-10,0.669388638187915,0.0016699086628567102
9.353e-10,0.669388638187915,0.0016699086628567102
9.354e-10,0.669388638187915,0.0016699086628567102
9.355e-10,0.669388638187915,0.0016699086628567102
9.356e-10,0.669388638187915,0.0016463338677787142
9.357e-10,0.669388638187915,0.0016463338677787142
9.358e-10,0.669388638187915,0.0016463338677787142
9.359e-10,0.669388638187915,0.0016463338677787142
9.36e-10,0.669388638187915,0.001623544397593283
9.361e-10,0.669388638187915,0.001623544397593283
9.362e-10,0.669388638187915,0.001623544397593283
9.363e-10,0.669388638187915,0.001623544397593283
9.364e-10,0.669388638187915,0.0016015041951128912
9.365e-10,0.669388638187915,0.0016015041951128912
9.366e-10,0.669388638187915,0.0016015041951128912
9.367e-10,0.669388638187915,0.0016015041951128912
9.368e-10,0.669388638187915,0.001580319806300683
9.369e-10,0.669388638187915,0.001580319806300683
9.37e-10,0.669388638187915,0.001580319806300683
9.371e-10,0.669388638187915,0.0015599425461946068
9.372e-10,0.669388638187915,0.0015599425461946068
9.373e-10,0.669388638187915,0.0015599425461946068
9.374e-10,0.669388638187915,0.001540311309017493
9.375e-10,0.669388638187915,0.001540311309017493
9.376e-10,0.669388638187915,0.001540311309017493
9.377e-10,0.669388638187915,0.001521374745687761
9.378e-10,0.669388638187915,0.001521374745687761
9.379e-10,0.669388638187915,0.001521374745687761
9.38e-10,0.669388638187915,0.0015030704723412774
9.381e-10,0.669388638187915,0.0015030704723412774
9.382e-10,0.669388638187915,0.0015030704723412774
9.383e-10,0.669388638187915,0.0014852664828832508
9.384e-10,0.669388638187915,0.0014852664828832508
9.385e-10,0.669388638187915,0.0014852664828832508
9.386e-10,0.669388638187915,0.001467969176696246
9.387e-10,0.669388638187915,0.001467969176696246
9.388e-10,0.669388638187915,0.001467969176696246
9.389e-10,0.669388638187915,0.001467969176696246
9.39e-10,0.669388638187915,0.001451152457277162
9.391e-10,0.669388638187915,0.001451152457277162
9.392e-10,0.669388638187915,0.001451152457277162
9.393e-10,0.669388638187915,0.001451152457277162
9.394e-10,0.669388638187915,0.0014348276312677322
9.395e-10,0.669388638187915,0.0014348276312677322
9.396e-10,0.669388638187915,0.0014348276312677322
9.397e-10,0.669388638187915,0.0014348276312677322
9.398e-10,0.669388638187915,0.0014191447865094578
9.399e-10,0.669388638187915,0.0014191447865094578
9.4e-10,0.669388638187915,0.0014191447865094578
9.401e-10,0.669388638187915,0.0014191447865094578
9.402e-10,0.669388638187915,0.0014040313847955093
9.403e-10,0.669388638187915,0.0014040313847955093
9.404e-10,0.669388638187915,0.0014040313847955093
9.405e-10,0.669388638187915,0.0014040313847955093
9.406e-10,0.669388638187915,0.0013894346465373572
9.407e-10,0.669388638187915,0.0013894346465373572
9.408e-10,0.669388638187915,0.0013894346465373572
9.409e-10,0.669388638187915,0.0013894346465373572
9.41e-10,0.669388638187915,0.0013752169050240091
9.411e-10,0.669388638187915,0.0013752169050240091
9.412e-10,0.669388638187915,0.0013752169050240091
9.413e-10,0.669388638187915,0.0013752169050240091
9.414e-10,0.669388638187915,0.0013752169050240091
9.415e-10,0.669388638187915,0.0013752169050240091
9.416e-10,0.669388638187915,0.0013752169050240091
9.417e-10,0.669388638187915,0.0013752169050240091
9.418e-10,0.669388638187915,0.0013752169050240091
9.419e-10,0.669388638187915,0.0013752169050240091
9.42e-10,0.669388638187915,0.0013752169050240091
9.421e-10,0.669388638187915,0.0013752169050240091
9.422e-10,0.669388638187915,0.0013752169050240091
9.423e-10,0.669388638187915,0.0013752169050240091
9.424e-10,0.669388638187915,0.0013752169050240091
9.425e-10,0.669388638187915,0.0013752169050240091
9.426e-10,0.669388638187915,0.0013752169050240091
9.427e-10,0.669388638187915,0.0013752169050240091
9.428e-10,0.669388638187915,0.0013752169050240091
9.429e-10,0.669388638187915,0.0013752169050240091
9.43e-10,0.669388638187915,0.0013752169050240091
9.431e-10,0.669388638187915,0.0013752169050240091
9.432e-10,0.669388638187915,0.0013752169050240091
9.433e-10,0.669388638187915,0.0013752169050240091
9.434e-10,0.669388638187915,0.0013752169050240091
9.435e-10,0.669388638187915,0.0013752169050240091
9.436e-10,0.669388638187915,0.0013752169050240091
9.437e-10,0.669388638187915,0.0013752169050240091
9.438e-10,0.669388638187915,0.0013752169050240091
9.439e-10,0.669388638187915,0.0013752169050240091
9.44e-10,0.669388638187915,0.0013752169050240091
9.441e-10,0.669388638187915,0.0013752169050240091
9.442e-10,0.669388638187915,0.0013752169050240091
9.443e-10,0.669388638187915,0.0013752169050240091
9.444e-10,0.669388638187915,0.0013752169050240091
9.445e-10,0.669388638187915,0.0013752169050240091
9.446e-10,0.669388638187915,0.0013752169050240091
9.447e-10,0.669388638187915,0.0013752169050240091
9.448e-10,0.669388638187915,0.0013752169050240091
9.449e-10,0.669388638187915,0.0013752169050240091
9.45e-10,0.669388638187915,0.0013752169050240091
9.451e-10,0.669388638187915,0.0013752169050240091
9.452e-10,0.669388638187915,0.0013752169050240091
9.453e-10,0.669388638187915,0.0013752169050240091
9.454e-10,0.669388638187915,0.0013752169050240091
9.455e-10,0.669388638187915,0.0013752169050240091
9.456e-10,0.669388638187915,0.0013752169050240091
9.457e-10,0.669388638187915,0.0013752169050240091
9.458e-10,0.669388638187915,0.0013752169050240091
9.459e-10,0.669388638187915,0.0013752169050240091
9.46e-10,0.669388638187915,0.0013752169050240091
9.461e-10,0.669388638187915,0.0013752169050240091
9.462e-10,0.669388638187915,0.0013752169050240091
9.463e-10,0.669388638187915,0.0013752169050240091
9.464e-10,0.669388638187915,0.0013752169050240091
9.465e-10,0.669388638187915,0.0013752169050240091
9.466e-10,0.669388638187915,0.0013752169050240091
9.467e-10,0.669388638187915,0.0013752169050240091
9.468e-10,0.669388638187915,0.0013752169050240091
9.469e-10,0.669388638187915,0.0013752169050240091
9.47e-10,0.669388638187915,0.0013752169050240091
9.471e-10,0.669388638187915,0.0013752169050240091
9.472e-10,0.669388638187915,0.0013752169050240091
9.473e-10,0.669388638187915,0.0013752169050240091
9.474e-10,0.669388638187915,0.0013752169050240091
9.475e-10,0.669388638187915,0.0013752169050240091
9.476e-10,0.669388638187915,0.0013752169050240091
9.477e-10,0.669388638187915,0.0013752169050240091
9.478e-10,0.669388638187915,0.0013752169050240091
9.479e-10,0.669388638187915,0.0013752169050240091
9.48e-10,0.669388638187915,0.0013752169050240091
9.481e-10,0.669388638187915,0.0013752169050240091
9.482e-10,0.669388638187915,0.0013752169050240091
9.483e-10,0.669388638187915,0.0013752169050240091
9.484e-10,0.669388638187915,0.0013752169050240091
9.485e-10,0.669388638187915,0.0013752169050240091
9.486e-10,0.669388638187915,0.0013752169050240091
9.487e-10,0.669388638187915,0.0013752169050240091
9.488e-10,0.669388638187915,0.0013752169050240091
9.489e-10,0.669388638187915,0.0013752169050240091
9.49e-10,0.669388638187915,0.0013752169050240091
9.491e-10,0.669388638187915,0.0013752169050240091
9.492e-10,0.669388638187915,0.0013752169050240091
9.493e-10,0.669388638187915,0.0013752169050240091
9.494e-10,0.669388638187915,0.0013752169050240091
9.495e-10,0.669388638187915,0.0013752169050240091
9.496e-10,0.669388638187915,0.0013752169050240091
9.497e-10,0.669388638187915,0.0013752169050240091
9.498e-10,0.669388638187915,0.0013752169050240091
9.499e-10,0.669388638187915,0.0013752169050240091
9.5e-10,0.669388638187915,0.0013752169050240091
9.501e-10,0.669388638187915,0.0013752169050240091
9.502e-10,0.669388638187915,0.0013752169050240091
9.503e-10,0.669388638187915,0.0013752169050240091
9.504e-10,0.669388638187915,0.0013752169050240091
9.505e-10,0.669388638187915,0.0013752169050240091
9.506e-10,0.669388638187915,0.0013752169050240091
9.507e-10,0.669388638187915,0.0013752169050240091
9.508e-10,0.669388638187915,0.0013752169050240091
9.509e-10,0.669388638187915,0.0013752169050240091
9.51e-10,0.669388638187915,0.0013752169050240091
9.511e-10,0.669388638187915,0.0013752169050240091
9.512e-10,0.669388638187915,0.0013752169050240091
9.513e-10,0.669388638187915,0.0013752169050240091
9.514e-10,0.669388638187915,0.0013752169050240091
9.515e-10,0.669388638187915,0.0013752169050240091
9.516e-10,0.669388638187915,0.0013752169050240091
9.517e-10,0.669388638187915,0.0013752169050240091
9.518e-10,0.669388638187915,0.0013752169050240091
9.519e-10,0.669388638187915,0.0013752169050240091
9.52e-10,0.669388638187915,0.0013752169050240091
9.521e-10,0.669388638187915,0.0013752169050240091
9.522e-10,0.669388638187915,0.0013752169050240091
9.523e-10,0.669388638187915,0.0013752169050240091
9.524e-10,0.669388638187915,0.0013752169050240091
9.525e-10,0.669388638187915,0.0013752169050240091
9.526e-10,0.669388638187915,0.0013752169050240091
9.527e-10,0.669388638187915,0.0013752169050240091
9.528e-10,0.669388638187915,0.0013752169050240091
9.529e-10,0.669388638187915,0.0013752169050240091
9.53e-10,0.669388638187915,0.0013752169050240091
9.531e-10,0.669388638187915,0.0013752169050240091
9.532e-10,0.669388638187915,0.0013752169050240091
9.533e-10,0.669388638187915,0.0013752169050240091
9.534e-10,0.669388638187915,0.0013752169050240091
9.535e-10,0.669388638187915,0.0013752169050240091
9.536e-10,0.669388638187915,0.0013752169050240091
9.537e-10,0.669388638187915,0.0013752169050240091
9.538e-10,0.669388638187915,0.0013752169050240091
9.539e-10,0.669388638187915,0.0013752169050240091
9.54e-10,0.669388638187915,0.0013752169050240091
9.541e-10,0.669388638187915,0.0013752169050240091
9.542e-10,0.669388638187915,0.0013752169050240091
9.543e-10,0.669388638187915,0.0013752169050240091
9.544e-10,0.669388638187915,0.0013752169050240091
9.545e-10,0.669388638187915,0.0013752169050240091
9.546e-10,0.669388638187915,0.0013752169050240091
9.547e-10,0.669388638187915,0.0013752169050240091
9.548e-10,0.669388638187915,0.0013752169050240091
9.549e-10,0.669388638187915,0.0013752169050240091
9.55e-10,0.669388638187915,0.0013752169050240091
9.551e-10,0.669388638187915,0.0013752169050240091
9.552e-10,0.669388638187915,0.0013752169050240091
9.553e-10,0.669388638187915,0.0013752169050240091
9.554e-10,0.669388638187915,0.0013752169050240091
9.555e-10,0.669388638187915,0.0013752169050240091
9.556e-10,0.669388638187915,0.0013752169050240091
9.557e-10,0.669388638187915,0.0013752169050240091
9.558e-10,0.669388638187915,0.0013752169050240091
9.559e-10,0.669388638187915,0.0013752169050240091
9.56e-10,0.669388638187915,0.0013752169050240091
9.561e-10,0.669388638187915,0.0013752169050240091
9.562e-10,0.669388638187915,0.0013752169050240091
9.563e-10,0.669388638187915,0.0013752169050240091
9.564e-10,0.669388638187915,0.0013752169050240091
9.565e-10,0.669388638187915,0.0013752169050240091
9.566e-10,0.669388638187915,0.0013752169050240091
9.567e-10,0.669388638187915,0.0013752169050240091
9.568e-10,0.669388638187915,0.0013752169050240091
9.569e-10,0.669388638187915,0.0013752169050240091
9.57e-10,0.669388638187915,0.0013752169050240091
9.571e-10,0.669388638187915,0.0013752169050240091
9.572e-10,0.669388638187915,0.0013752169050240091
9.573e-10,0.669388638187915,0.0013752169050240091
9.574e-10,0.669388638187915,0.0013752169050240091
9.575e-10,0.669388638187915,0.0013752169050240091
9.576e-10,0.669388638187915,0.0013752169050240091
9.577e-10,0.669388638187915,0.0013752169050240091
9.578e-10,0.669388638187915,0.0013752169050240091
9.579e-10,0.669388638187915,0.0013752169050240091
9.58e-10,0.669388638187915,0.0013752169050240091
9.581e-10,0.669388638187915,0.0013752169050240091
9.582e-10,0.669388638187915,0.0013752169050240091
9.583e-10,0.669388638187915,0.0013752169050240091
9.584e-10,0.669388638187915,0.0013752169050240091
9.585e-10,0.669388638187915,0.0013752169050240091
9.586e-10,0.669388638187915,0.0013752169050240091
9.587e-10,0.669388638187915,0.0013752169050240091
9.588e-10,0.669388638187915,0.0013752169050240091
9.589e-10,0.669388638187915,0.0013752169050240091
9.59e-10,0.669388638187915,0.0013752169050240091
9.591e-10,0.669388638187915,0.0013752169050240091
9.592e-10,0.669388638187915,0.0013752169050240091
9.593e-10,0.669388638187915,0.0013752169050240091
9.594e-10,0.669388638187915,0.0013752169050240091
9.595e-10,0.669388638187915,0.0013752169050240091
9.596e-10,0.669388638187915,0.0013752169050240091
9.597e-10,0.669388638187915,0.0013752169050240091
9.598e-10,0.669388638187915,0.0013752169050240091
9.599e-10,0.669388638187915,0.0013752169050240091
9.6e-10,0.669388638187915,0.0013752169050240091
9.601e-10,0.669388638187915,0.0013752169050240091
9.602e-10,0.669388638187915,0.0013752169050240091
9.603e-10,0.669388638187915,0.0013752169050240091
9.604e-10,0.669388638187915,0.0013752169050240091
9.605e-10,0.669388638187915,0.0013752169050240091
9.606e-10,0.669388638187915,0.0013752169050240091
9.607e-10,0.669388638187915,0.0013752169050240091
9.608e-10,0.669388638187915,0.0013752169050240091
9.609e-10,0.669388638187915,0.0013752169050240091
9.61e-10,0.669388638187915,0.0013752169050240091
9.611e-10,0.669388638187915,0.0013752169050240091
9.612e-10,0.669388638187915,0.0013752169050240091
9.613e-10,0.669388638187915,0.0013752169050240091
9.614e-10,0.669388638187915,0.0013752169050240091
9.615e-10,0.669388638187915,0.0013752169050240091
9.616e-10,0.669388638187915,0.0013752169050240091
9.617e-10,0.669388638187915,0.0013752169050240091
9.618e-10,0.669388638187915,0.0013752169050240091
9.619e-10,0.669388638187915,0.0013752169050240091
9.62e-10,0.669388638187915,0.0013752169050240091
9.621e-10,0.669388638187915,0.0013752169050240091
9.622e-10,0.669388638187915,0.0013752169050240091
9.623e-10,0.669388638187915,0.0013752169050240091
9.624e-10,0.669388638187915,0.0013752169050240091
9.625e-10,0.669388638187915,0.0013752169050240091
9.626e-10,0.669388638187915,0.0013752169050240091
9.627e-10,0.669388638187915,0.0013752169050240091
9.628e-10,0.669388638187915,0.0013752169050240091
9.629e-10,0.669388638187915,0.0013752169050240091
9.63e-10,0.669388638187915,0.0013752169050240091
9.631e-10,0.669388638187915,0.0013752169050240091
9.632e-10,0.669388638187915,0.0013752169050240091
9.633e-10,0.669388638187915,0.0013752169050240091
9.634e-10,0.669388638187915,0.0013752169050240091
9.635e-10,0.669388638187915,0.0013752169050240091
9.636e-10,0.669388638187915,0.0013752169050240091
9.637e-10,0.669388638187915,0.0013752169050240091
9.638e-10,0.669388638187915,0.0013752169050240091
9.639e-10,0.669388638187915,0.0013752169050240091
9.64e-10,0.669388638187915,0.0013752169050240091
9.641e-10,0.669388638187915,0.0013752169050240091
9.642e-10,0.669388638187915,0.0013752169050240091
9.643e-10,0.669388638187915,0.0013752169050240091
9.644e-10,0.669388638187915,0.0013752169050240091
9.645e-10,0.669388638187915,0.0013752169050240091
9.646e-10,0.669388638187915,0.0013752169050240091
9.647e-10,0.669388638187915,0.0013752169050240091
9.648e-10,0.669388638187915,0.0013752169050240091
9.649e-10,0.669388638187915,0.0013752169050240091
9.65e-10,0.669388638187915,0.0013752169050240091
9.651e-10,0.669388638187915,0.0013752169050240091
9.652e-10,0.669388638187915,0.0013752169050240091
9.653e-10,0.669388638187915,0.0013752169050240091
9.654e-10,0.669388638187915,0.0013752169050240091
9.655e-10,0.669388638187915,0.0013752169050240091
9.656e-10,0.669388638187915,0.0013752169050240091
9.657e-10,0.669388638187915,0.0013752169050240091
9.658e-10,0.669388638187915,0.0013752169050240091
9.659e-10,0.669388638187915,0.0013752169050240091
9.66e-10,0.669388638187915,0.0013752169050240091
9.661e-10,0.669388638187915,0.0013752169050240091
9.662e-10,0.669388638187915,0.0013752169050240091
9.663e-10,0.669388638187915,0.0013752169050240091
9.664e-10,0.669388638187915,0.0013752169050240091
9.665e-10,0.669388638187915,0.0013752169050240091
9.666e-10,0.669388638187915,0.0013752169050240091
9.667e-10,0.669388638187915,0.0013752169050240091
9.668e-10,0.669388638187915,0.0013752169050240091
9.669e-10,0.669388638187915,0.0013752169050240091
9.67e-10,0.669388638187915,0.0013752169050240091
9.671e-10,0.669388638187915,0.0013752169050240091
9.672e-10,0.669388638187915,0.0013752169050240091
9.673e-10,0.669388638187915,0.0013752169050240091
9.674e-10,0.669388638187915,0.0013752169050240091
9.675e-10,0.669388638187915,0.0013752169050240091
9.676e-10,0.669388638187915,0.0013752169050240091
9.677e-10,0.669388638187915,0.0013752169050240091
9.678e-10,0.669388638187915,0.0013752169050240091
9.679e-10,0.669388638187915,0.0013752169050240091
9.68e-10,0.669388638187915,0.0013752169050240091
9.681e-10,0.669388638187915,0.0013752169050240091
9.682e-10,0.669388638187915,0.0013752169050240091
9.683e-10,0.669388638187915,0.0013752169050240091
9.684e-10,0.669388638187915,0.0013752169050240091
9.685e-10,0.669388638187915,0.0013752169050240091
9.686e-10,0.669388638187915,0.0013752169050240091
9.687e-10,0.669388638187915,0.0013752169050240091
9.688e-10,0.669388638187915,0.0013752169050240091
9.689e-10,0.669388638187915,0.0013752169050240091
9.69e-10,0.669388638187915,0.0013752169050240091
9.691e-10,0.669388638187915,0.0013752169050240091
9.692e-10,0.669388638187915,0.0013752169050240091
9.693e-10,0.669388638187915,0.0013752169050240091
9.694e-10,0.669388638187915,0.0013752169050240091
9.695e-10,0.669388638187915,0.0013752169050240091
9.696e-10,0.669388638187915,0.0013752169050240091
9.697e-10,0.669388638187915,0.0013752169050240091
9.698e-10,0.669388638187915,0.0013752169050240091
9.699e-10,0.669388638187915,0.0013752169050240091
9.7e-10,0.669388638187915,0.0013752169050240091
9.701e-10,0.669388638187915,0.0013752169050240091
9.702e-10,0.669388638187915,0.0013752169050240091
9.703e-10,0.669388638187915,0.0013752169050240091
9.704e-10,0.669388638187915,0.0013752169050240091
9.705e-10,0.669388638187915,0.0013752169050240091
9.706e-10,0.669388638187915,0.0013752169050240091
9.707e-10,0.669388638187915,0.0013752169050240091
9.708e-10,0.669388638187915,0.0013752169050240091
9.709e-10,0.669388638187915,0.0013752169050240091
9.71e-10,0.669388638187915,0.0013752169050240091
9.711e-10,0.669388638187915,0.0013752169050240091
9.712e-10,0.669388638187915,0.0013752169050240091
9.713e-10,0.669388638187915,0.0013752169050240091
9.714e-10,0.669388638187915,0.0013752169050240091
9.715e-10,0.669388638187915,0.0013752169050240091
9.716e-10,0.669388638187915,0.0013752169050240091
9.717e-10,0.669388638187915,0.0013752169050240091
9.718e-10,0.669388638187915,0.0013752169050240091
9.719e-10,0.669388638187915,0.0013752169050240091
9.72e-10,0.669388638187915,0.0013752169050240091
9.721e-10,0.669388638187915,0.0013752169050240091
9.722e-10,0.669388638187915,0.0013752169050240091
9.723e-10,0.669388638187915,0.0013752169050240091
9.724e-10,0.669388638187915,0.0013752169050240091
9.725e-10,0.669388638187915,0.0013752169050240091
9.726e-10,0.669388638187915,0.0013752169050240091
9.727e-10,0.669388638187915,0.0013752169050240091
9.728e-10,0.669388638187915,0.0013752169050240091
9.729e-10,0.669388638187915,0.0013752169050240091
9.73e-10,0.669388638187915,0.0013752169050240091
9.731e-10,0.669388638187915,0.0013752169050240091
9.732e-10,0.669388638187915,0.0013752169050240091
9.733e-10,0.669388638187915,0.0013752169050240091
9.734e-10,0.669388638187915,0.0013752169050240091
9.735e-10,0.669388638187915,0.0013752169050240091
9.736e-10,0.669388638187915,0.0013752169050240091
9.737e-10,0.669388638187915,0.0013752169050240091
9.738e-10,0.669388638187915,0.0013752169050240091
9.739e-10,0.669388638187915,0.0013752169050240091
9.74e-10,0.669388638187915,0.0013752169050240091
9.741e-10,0.669388638187915,0.0013752169050240091
9.742e-10,0.669388638187915,0.0013752169050240091
9.743e-10,0.669388638187915,0.0013752169050240091
9.744e-10,0.669388638187915,0.0013752169050240091
9.745e-10,0.669388638187915,0.0013752169050240091
9.746e-10,0.669388638187915,0.0013752169050240091
9.747e-10,0.669388638187915,0.0013752169050240091
9.748e-10,0.669388638187915,0.0013752169050240091
9.749e-10,0.669388638187915,0.0013752169050240091
9.75e-10,0.669388638187915,0.0013752169050240091
9.751e-10,0.669388638187915,0.0013752169050240091
9.752e-10,0.669388638187915,0.0013752169050240091
9.753e-10,0.669388638187915,0.0013752169050240091
9.754e-10,0.669388638187915,0.0013752169050240091
9.755e-10,0.669388638187915,0.0013752169050240091
9.756e-10,0.669388638187915,0.0013752169050240091
9.757e-10,0.669388638187915,0.0013752169050240091
9.758e-10,0.669388638187915,0.0013752169050240091
9.759e-10,0.669388638187915,0.0013752169050240091
9.76e-10,0.669388638187915,0.0013752169050240091
9.761e-10,0.669388638187915,0.0013752169050240091
9.762e-10,0.669388638187915,0.0013752169050240091
9.763e-10,0.669388638187915,0.0013752169050240091
9.764e-10,0.669388638187915,0.0013752169050240091
9.765e-10,0.669388638187915,0.0013752169050240091
9.766e-10,0.669388638187915,0.0013752169050240091
9.767e-10,0.669388638187915,0.0013752169050240091
9.768e-10,0.669388638187915,0.0013752169050240091
9.769e-10,0.669388638187915,0.0013752169050240091
9.77e-10,0.669388638187915,0.0013752169050240091
9.771e-10,0.669388638187915,0.0013752169050240091
9.772e-10,0.669388638187915,0.0013752169050240091
9.773e-10,0.669388638187915,0.0013752169050240091
9.774e-10,0.669388638187915,0.0013752169050240091
9.775e-10,0.669388638187915,0.0013752169050240091
9.776e-10,0.669388638187915,0.0013752169050240091
9.777e-10,0.669388638187915,0.0013752169050240091
9.778e-10,0.669388638187915,0.0013752169050240091
9.779e-10,0.669388638187915,0.0013752169050240091
9.78e-10,0.669388638187915,0.0013752169050240091
9.781e-10,0.669388638187915,0.0013752169050240091
9.782e-10,0.669388638187915,0.0013752169050240091
9.783e-10,0.669388638187915,0.0013752169050240091
9.784e-10,0.669388638187915,0.0013752169050240091
9.785e-10,0.669388638187915,0.0013752169050240091
9.786e-10,0.669388638187915,0.0013752169050240091
9.787e-10,0.669388638187915,0.0013752169050240091
9.788e-10,0.669388638187915,0.0013752169050240091
9.789e-10,0.669388638187915,0.0013752169050240091
9.79e-10,0.669388638187915,0.0013752169050240091
9.791e-10,0.669388638187915,0.0013752169050240091
9.792e-10,0.669388638187915,0.0013752169050240091
9.793e-10,0.669388638187915,0.0013752169050240091
9.794e-10,0.669388638187915,0.0013752169050240091
9.795e-10,0.669388638187915,0.0013752169050240091
9.796e-10,0.669388638187915,0.0013752169050240091
9.797e-10,0.669388638187915,0.0013752169050240091
9.798e-10,0.669388638187915,0.0013752169050240091
9.799e-10,0.669388638187915,0.0013752169050240091
9.8e-10,0.669388638187915,0.0013752169050240091
9.801e-10,0.669388638187915,0.0013752169050240091
9.802e-10,0.669388638187915,0.0013752169050240091
9.803e-10,0.669388638187915,0.0013752169050240091
9.804e-10,0.669388638187915,0.0013752169050240091
9.805e-10,0.669388638187915,0.0013752169050240091
9.806e-10,0.669388638187915,0.0013752169050240091
9.807e-10,0.669388638187915,0.0013752169050240091
9.808e-10,0.669388638187915,0.0013752169050240091
9.809e-10,0.669388638187915,0.0013752169050240091
9.81e-10,0.669388638187915,0.0013752169050240091
9.811e-10,0.669388638187915,0.0013752169050240091
9.812e-10,0.669388638187915,0.0013752169050240091
9.813e-10,0.669388638187915,0.0013752169050240091
9.814e-10,0.669388638187915,0.0013752169050240091
9.815e-10,0.669388638187915,0.0013752169050240091
9.816e-10,0.669388638187915,0.0013752169050240091
9.817e-10,0.669388638187915,0.0013752169050240091
9.818e-10,0.669388638187915,0.0013752169050240091
9.819e-10,0.669388638187915,0.0013752169050240091
9.82e-10,0.669388638187915,0.0013752169050240091
9.821e-10,0.669388638187915,0.0013752169050240091
9.822e-10,0.669388638187915,0.0013752169050240091
9.823e-10,0.669388638187915,0.0013752169050240091
9.824e-10,0.669388638187915,0.0013752169050240091
9.825e-10,0.669388638187915,0.0013752169050240091
9.826e-10,0.669388638187915,0.0013752169050240091
9.827e-10,0.669388638187915,0.0013752169050240091
9.828e-10,0.669388638187915,0.0013752169050240091
9.829e-10,0.669388638187915,0.0013752169050240091
9.83e-10,0.669388638187915,0.0013752169050240091
9.831e-10,0.669388638187915,0.0013752169050240091
9.832e-10,0.669388638187915,0.0013752169050240091
9.833e-10,0.669388638187915,0.0013752169050240091
9.834e-10,0.669388638187915,0.0013752169050240091
9.835e-10,0.669388638187915,0.0013752169050240091
9.836e-10,0.669388638187915,0.0013752169050240091
9.837e-10,0.669388638187915,0.0013752169050240091
9.838e-10,0.669388638187915,0.0013752169050240091
9.839e-10,0.669388638187915,0.0013752169050240091
9.84e-10,0.669388638187915,0.0013752169050240091
9.841e-10,0.669388638187915,0.0013752169050240091
9.842e-10,0.669388638187915,0.0013752169050240091
9.843e-10,0.669388638187915,0.0013752169050240091
9.844e-10,0.669388638187915,0.0013752169050240091
9.845e-10,0.669388638187915,0.0013752169050240091
9.846e-10,0.669388638187915,0.0013752169050240091
9.847e-10,0.669388638187915,0.0013752169050240091
9.848e-10,0.669388638187915,0.0013752169050240091
9.849e-10,0.669388638187915,0.0013752169050240091
9.85e-10,0.669388638187915,0.0013752169050240091
9.851e-10,0.669388638187915,0.0013752169050240091
9.852e-10,0.669388638187915,0.0013752169050240091
9.853e-10,0.669388638187915,0.0013752169050240091
9.854e-10,0.669388638187915,0.0013752169050240091
9.855e-10,0.669388638187915,0.0013752169050240091
9.856e-10,0.669388638187915,0.0013752169050240091
9.857e-10,0.669388638187915,0.0013752169050240091
9.858e-10,0.669388638187915,0.0013752169050240091
9.859e-10,0.669388638187915,0.0013752169050240091
9.86e-10,0.669388638187915,0.0013752169050240091
9.861e-10,0.669388638187915,0.0013752169050240091
9.862e-10,0.669388638187915,0.0013752169050240091
9.863e-10,0.669388638187915,0.0013752169050240091
9.864e-10,0.669388638187915,0.0013752169050240091
9.865e-10,0.669388638187915,0.0013752169050240091
9.866e-10,0.669388638187915,0.0013752169050240091
9.867e-10,0.669388638187915,0.0013752169050240091
9.868e-10,0.669388638187915,0.0013752169050240091
9.869e-10,0.669388638187915,0.0013752169050240091
9.87e-10,0.669388638187915,0.0013752169050240091
9.871e-10,0.669388638187915,0.0013752169050240091
9.872e-10,0.669388638187915,0.0013752169050240091
9.873e-10,0.669388638187915,0.0013752169050240091
9.874e-10,0.669388638187915,0.0013752169050240091
9.875e-10,0.669388638187915,0.0013752169050240091
9.876e-10,0.669388638187915,0.0013752169050240091
9.877e-10,0.669388638187915,0.0013752169050240091
9.878e-10,0.669388638187915,0.0013752169050240091
9.879e-10,0.669388638187915,0.0013752169050240091
9.88e-10,0.669388638187915,0.0013752169050240091
9.881e-10,0.669388638187915,0.0013752169050240091
9.882e-10,0.669388638187915,0.0013752169050240091
9.883e-10,0.669388638187915,0.0013752169050240091
9.884e-10,0.669388638187915,0.0013752169050240091
9.885e-10,0.669388638187915,0.0013752169050240091
9.886e-10,0.669388638187915,0.0013752169050240091
9.887e-10,0.669388638187915,0.0013752169050240091
9.888e-10,0.669388638187915,0.0013752169050240091
9.889e-10,0.669388638187915,0.0013752169050240091
9.89e-10,0.669388638187915,0.0013752169050240091
9.891e-10,0.669388638187915,0.0013752169050240091
9.892e-10,0.669388638187915,0.0013752169050240091
9.893e-10,0.669388638187915,0.0013752169050240091
9.894e-10,0.669388638187915,0.0013752169050240091
9.895e-10,0.669388638187915,0.0013752169050240091
9.896e-10,0.669388638187915,0.0013752169050240091
9.897e-10,0.669388638187915,0.0013752169050240091
9.898e-10,0.669388638187915,0.0013752169050240091
9.899e-10,0.669388638187915,0.0013752169050240091
9.9e-10,0.669388638187915,0.0013752169050240091
9.901e-10,0.669388638187915,0.0013752169050240091
9.902e-10,0.669388638187915,0.0013752169050240091
9.903e-10,0.669388638187915,0.0013752169050240091
9.904e-10,0.669388638187915,0.0013752169050240091
9.905e-10,0.669388638187915,0.0013752169050240091
9.906e-10,0.669388638187915,0.0013752169050240091
9.907e-10,0.669388638187915,0.0013752169050240091
9.908e-10,0.669388638187915,0.0013752169050240091
9.909e-10,0.669388638187915,0.0013752169050240091
9.91e-10,0.669388638187915,0.0013752169050240091
9.911e-10,0.669388638187915,0.0013752169050240091
9.912e-10,0.669388638187915,0.0013752169050240091
9.913e-10,0.669388638187915,0.0013752169050240091
9.914e-10,0.669388638187915,0.0013752169050240091
9.915e-10,0.669388638187915,0.0013752169050240091
9.916e-10,0.669388638187915,0.0013752169050240091
9.917e-10,0.669388638187915,0.0013752169050240091
9.918e-10,0.669388638187915,0.0013752169050240091
9.919e-10,0.669388638187915,0.0013752169050240091
9.92e-10,0.669388638187915,0.0013752169050240091
9.921e-10,0.669388638187915,0.0013752169050240091
9.922e-10,0.669388638187915,0.0013752169050240091
9.923e-10,0.669388638187915,0.0013752169050240091
9.924e-10,0.669388638187915,0.0013752169050240091
9.925e-10,0.669388638187915,0.0013752169050240091
9.926e-10,0.669388638187915,0.0013752169050240091
9.927e-10,0.669388638187915,0.0013752169050240091
9.928e-10,0.669388638187915,0.0013752169050240091
9.929e-10,0.669388638187915,0.0013752169050240091
9.93e-10,0.669388638187915,0.0013752169050240091
9.931e-10,0.669388638187915,0.0013752169050240091
9.932e-10,0.669388638187915,0.0013752169050240091
9.933e-10,0.669388638187915,0.0013752169050240091
9.934e-10,0.669388638187915,0.0013752169050240091
9.935e-10,0.669388638187915,0.0013752169050240091
9.936e-10,0.669388638187915,0.0013752169050240091
9.937e-10,0.669388638187915,0.0013752169050240091
9.938e-10,0.669388638187915,0.0013752169050240091
9.939e-10,0.669388638187915,0.0013752169050240091
9.94e-10,0.669388638187915,0.0013752169050240091
9.941e-10,0.669388638187915,0.0013752169050240091
9.942e-10,0.669388638187915,0.0013752169050240091
9.943e-10,0.669388638187915,0.0013752169050240091
9.944e-10,0.669388638187915,0.0013752169050240091
9.945e-10,0.669388638187915,0.0013752169050240091
9.946e-10,0.669388638187915,0.0013752169050240091
9.947e-10,0.669388638187915,0.0013752169050240091
9.948e-10,0.669388638187915,0.0013752169050240091
9.949e-10,0.669388638187915,0.0013752169050240091
9.95e-10,0.669388638187915,0.0013752169050240091
9.951e-10,0.669388638187915,0.0013752169050240091
9.952e-10,0.669388638187915,0.0013752169050240091
9.953e-10,0.669388638187915,0.0013752169050240091
9.954e-10,0.669388638187915,0.0013752169050240091
9.955e-10,0.669388638187915,0.0013752169050240091
9.956e-10,0.669388638187915,0.0013752169050240091
9.957e-10,0.669388638187915,0.0013752169050240091
9.958e-10,0.669388638187915,0.0013752169050240091
9.959e-10,0.669388638187915,0.0013752169050240091
9.96e-10,0.669388638187915,0.0013752169050240091
9.961e-10,0.669388638187915,0.0013752169050240091
9.962e-10,0.669388638187915,0.0013752169050240091
9.963e-10,0.669388638187915,0.0013752169050240091
9.964e-10,0.669388638187915,0.0013752169050240091
9.965e-10,0.669388638187915,0.0013752169050240091
9.966e-10,0.669388638187915,0.0013752169050240091
9.967e-10,0.669388638187915,0.0013752169050240091
9.968e-10,0.669388638187915,0.0013752169050240091
9.969e-10,0.669388638187915,0.0013752169050240091
9.97e-10,0.669388638187915,0.0013752169050240091
9.971e-10,0.669388638187915,0.0013752169050240091
9.972e-10,0.669388638187915,0.0013752169050240091
9.973e-10,0.669388638187915,0.0013752169050240091
9.974e-10,0.669388638187915,0.0013752169050240091
9.975e-10,0.669388638187915,0.0013752169050240091
9.976e-10,0.669388638187915,0.0013752169050240091
9.977e-10,0.669388638187915,0.0013752169050240091
9.978e-10,0.669388638187915,0.0013752169050240091
9.979e-10,0.669388638187915,0.0013752169050240091
9.98e-10,0.669388638187915,0.0013752169050240091
9.981e-10,0.669388638187915,0.0013752169050240091
9.982e-10,0.669388638187915,0.0013752169050240091
9.983e-10,0.669388638187915,0.0013752169050240091
9.984e-10,0.669388638187915,0.0013752169050240091
9.985e-10,0.669388638187915,0.0013752169050240091
9.986e-10,0.669388638187915,0.0013752169050240091
9.987e-10,0.669388638187915,0.0013752169050240091
9.988e-10,0.669388638187915,0.0013752169050240091
9.989e-10,0.669388638187915,0.0013752169050240091
9.99e-10,0.669388638187915,0.0013752169050240091
9.991e-10,0.669388638187915,0.0013752169050240091
9.992e-10,0.669388638187915,0.0013752169050240091
9.993e-10,0.669388638187915,0.0013752169050240091
9.994e-10,0.669388638187915,0.0013752169050240091
9.995e-10,0.669388638187915,0.0013752169050240091
9.996e-10,0.669388638187915,0.0013752169050240091
9.997e-10,0.669388638187915,0.0013752169050240091
9.998e-10,0.669388638187915,0.0013752169050240091
9.999e-10,0.669388638187915,0.0013752169050240091
